0 1 0.23434839440070793 0.17169597246742355 0 3464.1016151377544 1
0 2 0.2343483944007023 0.1716959724674435 0 3464.1016151377544 1
0 3 0.23434839440070845 0.17169597246742158 0 3464.1016151377544 1
0 4 0.2343483944007087 0.17169597246742072 0 3464.1016151377544 1
0 5 0.23434839440070573 0.17169597246743123 0 3464.1016151377544 1
0 6 0.2343483944007059 0.1716959724674307 0 3464.1016151377544 1
0 7 0.23434839440070573 0.17169597246743123 0 3464.1016151377544 1
0 8 0.23434839440070837 0.17169597246742196 0 3464.1016151377544 1
0 9 0.23434839440070898 0.17169597246741974 0 3464.1016151377544 1
0 10 0.23434839440070993 0.17169597246741633 0 3464.1016151377544 1
0 11 0.2343483944007058 0.17169597246743104 0 3464.1016151377544 1
0 12 0.23434839440070548 0.1716959724674322 0 3464.1016151377544 1
0 13 0.23434839440070682 0.1716959724674275 0 3464.1016151377544 1
0 14 0.23434839440070546 0.1716959724674323 0 3464.1016151377544 1
0 15 0.23434839440071054 0.17169597246741422 0 3464.1016151377544 1
0 16 0.23434839440070582 0.17169597246743096 0 3464.1016151377544 1
0 17 0.23434839440070923 0.17169597246741888 0 3464.1016151377544 1
0 18 0.23434839440070848 0.17169597246742152 0 3464.1016151377544 1
0 19 0.23434839440070493 0.17169597246743412 0 3464.1016151377544 1
0 20 0.2343483944007086 0.1716959724674212 0 3464.1016151377544 1
0 21 0.23434839440070485 0.17169597246743437 0 3464.1016151377544 1
0 22 0.2343483944007028 0.1716959724674416 0 3464.1016151377544 1
0 23 0.23434839440070868 0.17169597246742085 0 3464.1016151377544 1
0 24 0.23434839440071337 0.17169597246740426 0 3464.1016151377544 1
0 25 0.2343483944007721 0.17169597246719664 0 3464.1016151377544 1
0 26 0.23434839440073646 0.17169597246732274 0 3464.1016151377544 1
0 27 0.2343483944007021 0.17169597246744409 0 3464.1016151377544 1
0 28 0.23434839440070315 0.17169597246744042 0 3464.1016151377544 1
0 29 0.23434839440070496 0.17169597246743398 0 3464.1016151377544 1
0 30 0.23434839440070826 0.1716959724674223 0 3464.1016151377544 1
0 31 0.23434839440070845 0.17169597246742158 0 3464.1016151377544 1
0 32 0.23434839440070837 0.1716959724674219 0 3464.1016151377544 1
0 33 0.234348394400708 0.1716959724674232 0 3464.1016151377544 1
0 34 0.2343483944007054 0.1716959724674324 0 3464.1016151377544 1
0 35 0.2343483944007051 0.17169597246743346 0 3464.1016151377544 1
0 36 0.23434839440070948 0.1716959724674179 0 3464.1016151377544 1
0 37 0.2343483944007054 0.1716959724674324 0 3464.1016151377544 1
0 38 0.23434839440070823 0.1716959724674225 0 3464.1016151377544 1
0 39 0.2343483944007075 0.17169597246742493 0 3464.1016151377544 1
0 40 0.23434839440070437 0.171695972467436 0 3464.1016151377544 1
0 41 0.23434839440070968 0.17169597246741733 0 3464.1016151377544 1
0 42 0.2343483944007097 0.1716959724674171 0 3464.1016151377544 1
0 43 0.23434839440070263 0.17169597246744225 0 3464.1016151377544 1
0 44 0.23434839440070498 0.17169597246743384 0 3464.1016151377544 1
0 45 0.23434839440070943 0.17169597246741816 0 3464.1016151377544 1
0 46 0.23434839440070837 0.1716959724674219 0 3464.1016151377544 1
0 47 0.23434839440070926 0.17169597246741877 0 3464.1016151377544 1
0 48 0.2343483944007041 0.171695972467437 0 3464.1016151377544 1
0 49 0.23434839440070865 0.171695972467421 0 3464.1016151377544 1
0 50 0.23434839440070745 0.17169597246742518 0 3464.1016151377544 1
0 51 0.2343483944007109 0.17169597246741297 0 3464.1016151377544 1
0 52 0.22462599754358073 0.2060597687060214 0 3464.1016151377544 1
0 53 0.20510258995764272 0.2750652217877331 0 3464.1016151377544 1
0 54 0.19526171447954518 0.30984778052383916 0 3464.1016151377544 1
0 55 0.17531854909541927 0.3803368668760768 0 3464.1016151377544 1
0 56 0.18534078130147663 0.34491330307324786 0 3464.1016151377544 1
0 57 0.1651729271709467 0.416196551442527 0 3464.1016151377544 1
0 58 0.16517292717094878 0.4161965514425196 0 3464.1016151377544 1
0 59 0.15488077294330543 0.45257415420162633 0 3464.1016151377544 1
0 60 0.1444176699494034 0.48955597510336596 0 3464.1016151377544 1
0 61 0.13375768169545982 0.52723368664379 0 3464.1016151377544 1
0 62 0.13375768169546012 0.527233686643789 0 3464.1016151377544 1
0 63 0.11173401196743452 0.6050763122927565 0 3464.1016151377544 1
0 64 0.10030818567726399 0.6454608771549908 0 3464.1016151377544 1
0 65 0.10030818567726488 0.6454608771549876 0 3464.1016151377544 1
0 66 0.07645218310566787 0.7297798803272219 0 3464.1016151377544 1
0 67 0.08856041851545593 0.6869833415163303 0 3464.1016151377544 1
0 68 0.06394104861247435 0.7740004653080363 0 3464.1016151377544 1
0 69 0.050980029006607794 0.8198111685045398 0 3464.1016151377544 1
0 70 0.06394104861247599 0.7740004653080306 0 3464.1016151377544 1
0 71 0.0088422116846118 0.9687472168546787 0 3464.1016151377544 1
0 72 0.05098002900661374 0.8198111685045187 0 3464.1016151377544 1
0 73 0.022647617653406338 1.080047968599514 0 3464.1016151377544 1
0 74 0.11911286028482562 1.4210042153570142 0 3464.1016151377544 1
0 75 0.09724280836780402 1.343704551616878 0 3464.1016151377544 1
0 76 0.2343483944007077 0.1716959724674242 0 3464.1016151377544 1
0 77 0.2343483944007086 0.17169597246742113 0 3464.1016151377544 1
0 78 0.23434839440070637 0.17169597246742907 0 3464.1016151377544 1
0 79 0.23434839440070904 0.1716959724674195 0 3464.1016151377544 1
0 80 0.23434839440070737 0.17169597246742546 0 3464.1016151377544 1
0 81 0.23434839440070465 0.17169597246743498 0 3464.1016151377544 1
0 82 0.23434839440070876 0.1716959724674206 0 3464.1016151377544 1
0 83 0.23434839440070518 0.1716959724674332 0 3464.1016151377544 1
0 84 0.23110759544833376 0.1831505712136173 0 3464.1016151377544 1
0 85 0.23434839440070876 0.17169597246742066 0 3464.1016151377544 1
0 86 0.2343483944007092 0.17169597246741908 0 3464.1016151377544 1
0 87 0.23434839440070504 0.17169597246743365 0 3464.1016151377544 1
0 88 0.2343483944007089 0.17169597246742 0 3464.1016151377544 1
0 89 0.2343483944007053 0.17169597246743282 0 3464.1016151377544 1
0 90 0.23434839440070876 0.1716959724674206 0 3464.1016151377544 1
0 91 0.03791351991341799 1.1340052758736794 0 3464.1016151377544 1
0 92 0.25486184742665013 0.09919120535160941 0 3464.1016151377544 1
0 93 0.2548618474266505 0.09919120535160819 0 3464.1016151377544 1
0 94 0.2548618474266497 0.09919120535161113 0 3464.1016151377544 1
0 95 0.2548618474266526 0.09919120535160089 0 3464.1016151377544 1
0 96 0.2548618474266514 0.099191205351605 0 3464.1016151377544 1
0 97 0.25486184742665097 0.09919120535160675 0 3464.1016151377544 1
0 98 0.2548618474266484 0.09919120535161564 0 3464.1016151377544 1
0 99 0.2548618474266514 0.09919120535160518 0 3464.1016151377544 1
0 100 0.25486184742665063 0.09919120535160769 0 3464.1016151377544 1
1 1 0.1552994574413017 0.45109431450892173 143 3464.1016151377544 1
1 2 0.2048745967099116 0.275871063559463 143 3464.1016151377544 1
1 3 0.20487459670990932 0.275871063559471 143 3464.1016151377544 1
1 4 0.20487459670991465 0.2758710635594523 143 3464.1016151377544 1
1 5 0.2048745967099046 0.2758710635594877 143 3464.1016151377544 1
1 6 0.20487459670991018 0.275871063559468 143 3464.1016151377544 1
1 7 0.20487459670990907 0.275871063559472 143 3464.1016151377544 1
1 8 0.20487459670991162 0.2758710635594629 143 3464.1016151377544 1
1 9 0.20487459670990904 0.2758710635594721 143 3464.1016151377544 1
1 10 0.20487459670991268 0.2758710635594592 143 3464.1016151377544 1
1 11 0.20487459670990596 0.275871063559483 143 3464.1016151377544 1
1 12 0.20487459670991062 0.2758710635594665 143 3464.1016151377544 1
1 13 0.20487459670990887 0.27587106355947266 143 3464.1016151377544 1
1 14 0.2048745967099091 0.2758710635594719 143 3464.1016151377544 1
1 15 0.20487459670991612 0.27587106355944707 143 3464.1016151377544 1
1 16 0.20487459670990701 0.27587106355947916 143 3464.1016151377544 1
1 17 0.2048745967099103 0.27587106355946767 143 3464.1016151377544 1
1 18 0.2048745967099082 0.275871063559475 143 3464.1016151377544 1
1 19 0.20487459670990982 0.2758710635594693 143 3464.1016151377544 1
1 20 0.20487459670991465 0.2758710635594523 143 3464.1016151377544 1
1 21 0.20487459670990182 0.27587106355949753 143 3464.1016151377544 1
1 22 0.20487459670991262 0.27587106355945934 143 3464.1016151377544 1
1 23 0.20487459670991323 0.27587106355945723 143 3464.1016151377544 1
1 24 0.2048745967099151 0.2758710635594507 143 3464.1016151377544 1
1 25 0.20487459671011593 0.27587106355874075 143 3464.1016151377544 1
1 26 0.20487459670930327 0.27587106356161323 143 3464.1016151377544 1
1 27 0.20487459670991984 0.2758710635594339 143 3464.1016151377544 1
1 28 0.20487459670990932 0.27587106355947105 143 3464.1016151377544 1
1 29 0.20487459670990651 0.27587106355948104 143 3464.1016151377544 1
1 30 0.20487459670990804 0.2758710635594756 143 3464.1016151377544 1
1 31 0.20487459670991331 0.27587106355945695 143 3464.1016151377544 1
1 32 0.20487459670990882 0.2758710635594729 143 3464.1016151377544 1
1 33 0.2048745967099107 0.27587106355946617 143 3464.1016151377544 1
1 34 0.204874596709904 0.2758710635594899 143 3464.1016151377544 1
1 35 0.20487459670991168 0.2758710635594627 143 3464.1016151377544 1
1 36 0.20487459670991562 0.2758710635594489 143 3464.1016151377544 1
1 37 0.20487459670990196 0.275871063559497 143 3464.1016151377544 1
1 38 0.20487459670990818 0.27587106355947516 143 3464.1016151377544 1
1 39 0.20487459670990588 0.27587106355948326 143 3464.1016151377544 1
1 40 0.20487459670990915 0.2758710635594717 143 3464.1016151377544 1
1 41 0.20487459670991215 0.27587106355946106 143 3464.1016151377544 1
1 42 0.20487459670990965 0.2758710635594699 143 3464.1016151377544 1
1 43 0.20487459670990585 0.2758710635594834 143 3464.1016151377544 1
1 44 0.20487459670991015 0.27587106355946817 143 3464.1016151377544 1
1 45 0.20487459670991245 0.27587106355946006 143 3464.1016151377544 1
1 46 0.20487459670990862 0.2758710635594735 143 3464.1016151377544 1
1 47 0.2048745967099108 0.27587106355946595 143 3464.1016151377544 1
1 48 0.20487459670990896 0.2758710635594724 143 3464.1016151377544 1
1 49 0.2048745967099087 0.2758710635594732 143 3464.1016151377544 1
1 50 0.20487459670991226 0.2758710635594606 143 3464.1016151377544 1
1 51 0.20487459670990657 0.27587106355948077 143 3464.1016151377544 1
1 52 0.20487459670991554 0.2758710635594491 139 3464.1016151377544 1
1 53 0.2048745967099028 0.2758710635594941 131 3464.1016151377544 1
1 54 0.2048745967099139 0.27587106355945484 128 3464.1016151377544 1
1 55 0.2048745967099102 0.27587106355946794 118 3464.1016151377544 1
1 56 0.20487459670990962 0.27587106355947 122 3464.1016151377544 1
1 57 0.20487459670990874 0.27587106355947316 114 3464.1016151377544 1
1 58 0.20487459670990993 0.275871063559469 114 3464.1016151377544 1
1 59 0.20487459670990843 0.2758710635594742 111 3464.1016151377544 1
1 60 0.20487459670991212 0.27587106355946117 105 3464.1016151377544 1
1 61 0.20487459670990948 0.27587106355947055 100 3464.1016151377544 1
1 62 0.20487459670990948 0.27587106355947055 100 3464.1016151377544 1
1 63 0.20487459670990954 0.2758710635594703 88 3464.1016151377544 1
1 64 0.20487459670991184 0.27587106355946217 81 3464.1016151377544 1
1 65 0.20487459670990887 0.27587106355947266 81 3464.1016151377544 1
1 66 0.20487459670990896 0.2758710635594724 67 3464.1016151377544 1
1 67 0.20487459670991007 0.27587106355946844 76 3464.1016151377544 1
1 68 0.2048745967099107 0.27587106355946617 45 3464.1016151377544 1
1 69 0.20487459670990785 0.27587106355947627 11 3464.1016151377544 1
1 70 0.20487459670991273 0.275871063559459 45 3464.1016151377544 1
1 71 0.2048745967099054 0.27587106355948504 3 3464.1016151377544 1
1 72 0.20487459670991537 0.2758710635594497 11 3464.1016151377544 1
1 73 0.20487459670990218 0.27587106355949625 5 3464.1016151377544 1
1 74 0.2048745967098835 0.27587106355956226 92 3464.1016151377544 1
1 75 0.20487459670992364 0.2758710635594205 80 3464.1016151377544 1
1 76 0.2048745967098471 0.2758710635596911 143 3464.1016151377544 1
1 77 0.2048745967098992 0.2758710635595069 143 3464.1016151377544 1
1 78 0.20487459670990651 0.27587106355948104 143 3464.1016151377544 1
1 79 0.20487459670991415 0.275871063559454 143 3464.1016151377544 1
1 80 0.20487459670990554 0.2758710635594845 143 3464.1016151377544 1
1 81 0.20487459670990932 0.27587106355947105 143 3464.1016151377544 1
1 82 0.20487459670991115 0.2758710635594646 143 3464.1016151377544 1
1 83 0.20487459670990613 0.2758710635594823 143 3464.1016151377544 1
1 84 0.20487459670991004 0.2758710635594685 142 3464.1016151377544 1
1 85 0.2048745967099097 0.2758710635594698 143 3464.1016151377544 1
1 86 0.20487459670991123 0.2758710635594644 143 3464.1016151377544 1
1 87 0.20487459670990663 0.27587106355948066 143 3464.1016151377544 1
1 88 0.20487459670991273 0.27587106355945895 143 3464.1016151377544 1
1 89 0.20487459670990643 0.2758710635594812 143 3464.1016151377544 1
1 90 0.15619047375591302 0.4479450187611222 143 3464.1016151377544 1
1 91 0.037435674305017944 1.132316331330284 21 3464.1016151377544 1
1 92 0.2507539851176397 0.11371043815371132 152 3464.1016151377544 1
1 93 0.25133176201541724 0.11166828662684337 152 3464.1016151377544 1
1 94 0.25133996183915985 0.11163930436285804 152 3464.1016151377544 1
1 95 0.2513481056084984 0.11161052022307483 152 3464.1016151377544 1
1 96 0.2513561600741413 0.11158205172706191 152 3464.1016151377544 1
1 97 0.25136409216853517 0.11155401575203423 152 3464.1016151377544 1
1 98 0.2513718691486295 0.11152652802825143 152 3464.1016151377544 1
1 99 0.25138686083358647 0.11147353994159911 152 3464.1016151377544 1
1 100 0.254469208958845 0.10057898539200158 152 3464.1016151377544 1
2 1 0.2314412289346399 0.18197134418655014 29 3464.1016151377544 1
2 2 0.22889293374875078 0.190978289470778 39 3464.1016151377544 1
2 3 0.2288960697650589 0.19096720522612146 39 3464.1016151377544 1
2 4 0.22889904400838337 0.19095669276781835 40 3464.1016151377544 1
2 5 0.22890184195434837 0.19094680343225212 40 3464.1016151377544 1
2 6 0.2289044497755537 0.19093758609234684 40 3464.1016151377544 1
2 7 0.22890685444089387 0.19092908680652407 40 3464.1016151377544 1
2 8 0.22890904381168914 0.19092134847892794 40 3464.1016151377544 1
2 9 0.22891100673327272 0.19091441053571073 40 3464.1016151377544 1
2 10 0.22891273312089114 0.1909083086214174 40 3464.1016151377544 1
2 11 0.22891421403876774 0.19090307431953624 40 3464.1016151377544 1
2 12 0.22891544177131073 0.1908987349008144 40 3464.1016151377544 1
2 13 0.22891640988542897 0.19089531310300237 40 3464.1016151377544 1
2 14 0.2289171132831222 0.1908928269449736 40 3464.1016151377544 1
2 15 0.22891754824356672 0.1908912895779737 40 3464.1016151377544 1
2 16 0.22891771245413375 0.1908907091759856 40 3464.1016151377544 1
2 17 0.22891760502986244 0.1908910888669017 40 3464.1016151377544 1
2 18 0.22891722652108903 0.19089242670555973 40 3464.1016151377544 1
2 19 0.228916578909139 0.19089471568896793 40 3464.1016151377544 1
2 20 0.22891566559015633 0.19089794381346037 40 3464.1016151377544 1
2 21 0.22891449134723818 0.1909020941731882 40 3464.1016151377544 1
2 22 0.22891306231137937 0.19090714509815998 40 3464.1016151377544 1
2 23 0.228911385911625 0.19091307033042723 40 3464.1016151377544 1
2 24 0.22890947081530905 0.19091983923531208 40 3464.1016151377544 1
2 25 0.22890732681819204 0.19092741718971437 40 3464.1016151377544 1
2 26 0.22890496497172405 0.19093576513230168 40 3464.1016151377544 1
2 27 0.22890239709045715 0.190944841304558 40 3464.1016151377544 1
2 28 0.2288996360687886 0.1909546001312572 40 3464.1016151377544 1
2 29 0.22889669558331344 0.19096499327249553 40 3464.1016151377544 1
2 30 0.22889359003366141 0.19097596983280443 40 3464.1016151377544 1
2 31 0.22889033444126997 0.19098747671893757 40 3464.1016151377544 1
2 32 0.22888694434670276 0.1909994590027972 40 3464.1016151377544 1
2 33 0.22888343570676473 0.1910118602850814 40 3464.1016151377544 1
2 34 0.2288798247926336 0.19102462305533852 40 3464.1016151377544 1
2 35 0.22887612808993937 0.19103768904513582 40 3464.1016151377544 1
2 36 0.22887236220181284 0.19105099957073338 40 3464.1016151377544 1
2 37 0.22886854375568624 0.1910644958624989 40 3464.1016151377544 1
2 38 0.2288646893146908 0.19107811937807095 40 3464.1016151377544 1
2 39 0.22886081529409927 0.19109181209769427 40 3464.1016151377544 1
2 40 0.22885693788358852 0.19110551679898166 40 3464.1016151377544 1
2 41 0.2288530729754573 0.19111917731062864 40 3464.1016151377544 1
2 42 0.22884923609928437 0.19113273874336337 40 3464.1016151377544 1
2 43 0.22884544236307167 0.19114614769797736 40 3464.1016151377544 1
2 44 0.22884170640101756 0.19115935244991958 40 3464.1016151377544 1
2 45 0.22883804232780855 0.19117230311085318 40 3464.1016151377544 1
2 46 0.22883446369936933 0.1911849517673837 40 3464.1016151377544 1
2 47 0.22883098347981087 0.1911972525978815 40 3464.1016151377544 1
2 48 0.22882761401429816 0.19120916196838067 40 3464.1016151377544 1
2 49 0.22882436700749192 0.1912206385087764 40 3464.1016151377544 1
2 50 0.2288212535072122 0.1912316431705665 40 3464.1016151377544 1
2 51 0.22881828389240325 0.19124213926938885 40 3464.1016151377544 1
2 52 0.22881546786641366 0.19125209250877323 40 3464.1016151377544 1
2 53 0.22881281445251636 0.19126147099597574 40 3464.1016151377544 1
2 54 0.2288103319937969 0.19127024524237402 40 3464.1016151377544 1
2 55 0.22880802815523466 0.19127838815611065 40 3464.1016151377544 1
2 56 0.2288059099280853 0.1912858750266032 40 3464.1016151377544 1
2 57 0.22880398363589602 0.1912926835032846 40 3464.1016151377544 1
2 58 0.2288022549417475 0.19129879357000487 40 3464.1016151377544 1
2 59 0.22880072885621652 0.19130418751688852 40 3464.1016151377544 1
2 60 0.22879940974564508 0.19130884991110667 40 3464.1016151377544 1
2 61 0.22879830134031132 0.1913127675679972 40 3464.1016151377544 1
2 62 0.2287974067422172 0.19131592952353887 40 3464.1016151377544 1
2 63 0.22879672843207258 0.19131832700966697 40 3464.1016151377544 1
2 64 0.22879626827531757 0.19131995343298622 40 3464.1016151377544 1
2 65 0.2287960275269077 0.19132080435785828 40 3464.1016151377544 1
2 66 0.22879600683473272 0.1913208774943177 40 3464.1016151377544 1
2 67 0.2287962062415408 0.19132017269127166 40 3464.1016151377544 1
2 68 0.22879662518529353 0.1913186919352434 40 3464.1016151377544 1
2 69 0.22879726249799634 0.19131643935450826 40 3464.1016151377544 1
2 70 0.22879811640299208 0.19131342122865808 40 3464.1016151377544 1
2 71 0.22879918451084585 0.1913096460031465 40 3464.1016151377544 1
2 72 0.22880046381398758 0.19130512430822552 40 3464.1016151377544 1
2 73 0.22880195068024217 0.19129986898181187 40 3464.1016151377544 1
2 74 0.22880364084568194 0.1912938950947514 40 3464.1016151377544 1
2 75 0.2288055294066225 0.1912872199791087 40 3464.1016151377544 1
2 76 0.22880761081180215 0.19127986325580948 40 3464.1016151377544 1
2 77 0.22880987885493956 0.1912718468609452 40 3464.1016151377544 1
2 78 0.22881232666705956 0.19126319507289752 40 3464.1016151377544 1
2 79 0.2288149467107105 0.19125393453277756 40 3464.1016151377544 1
2 80 0.2288177307753529 0.19124409426072428 40 3464.1016151377544 1
2 81 0.22882066997486986 0.1912337056647031 40 3464.1016151377544 1
2 82 0.22882375474755293 0.1912228025405578 40 3464.1016151377544 1
2 83 0.22882697485918 0.19121142106112998 39 3464.1016151377544 1
2 84 0.23491359385415442 0.16969827589755304 39 3464.1016151377544 1
2 85 0.2650252718900245 0.06326859773970653 39 3464.1016151377544 1
2 86 0.08351978654027506 0.7047994472209539 39 3464.1016151377544 1
2 87 0.24915868040714623 0.11934904011734994 39 3464.1016151377544 1
2 88 0.22884470142118504 0.19114876655589802 39 3464.1016151377544 1
2 89 0.2288484823736664 0.19113540278536206 40 3464.1016151377544 1
2 90 0.2233733225888061 0.21048734634265273 33 3464.1016151377544 1
2 91 0.03334290592378669 1.1178504479919273 21 3464.1016151377544 1
2 92 0.21155454621623695 0.25226079264656437 153 3464.1016151377544 1
2 93 0.15915245459552685 0.4374759021913224 154 3464.1016151377544 1
2 94 0.2477587902980578 0.12429694948291746 154 3464.1016151377544 1
2 95 0.247958312664025 0.1235917379975302 154 3464.1016151377544 1
2 96 0.25927975478159004 0.08357611882746031 154 3464.1016151377544 1
2 97 0.11283799702983173 0.6011742788444033 153 3464.1016151377544 1
2 98 0.24783450899206405 0.12402932187930076 152 3464.1016151377544 1
2 99 0.24838418289284006 0.12208650035066766 149 3464.1016151377544 1
2 100 0.2545837827786718 0.10017402440792904 153 3464.1016151377544 1
3 1 0.22776825081023275 0.1949534795293827 142 3464.1016151377544 1
3 2 0.2258421617701946 0.20176123818004382 141 3464.1016151377544 1
3 3 0.2258439904397559 0.20175477475038583 141 3464.1016151377544 1
3 4 0.22584574249776485 0.20174858210413799 141 3464.1016151377544 1
3 5 0.22584740572166 0.20174270344192408 141 3464.1016151377544 1
3 6 0.22584896820997194 0.201737180829469 141 3464.1016151377544 1
3 7 0.22585041852272805 0.2017320547013376 141 3464.1016151377544 1
3 8 0.22585174582067452 0.20172736336885552 141 3464.1016151377544 1
3 9 0.2258529400005539 0.20172314254196982 141 3464.1016151377544 1
3 10 0.22585399182419832 0.2017194248729704 141 3464.1016151377544 1
3 11 0.225854893038834 0.2017162395312731 141 3464.1016151377544 1
3 12 0.22585563648652787 0.2017136118165807 141 3464.1016151377544 1
3 13 0.22585621620045343 0.2017115628186323 141 3464.1016151377544 1
3 14 0.2258566274862153 0.2017101091297605 141 3464.1016151377544 1
3 15 0.22585686698645727 0.20170926261653607 141 3464.1016151377544 1
3 16 0.22585693272762272 0.20170903025449122 141 3464.1016151377544 1
3 17 0.22585682414774594 0.20170941402989315 141 3464.1016151377544 1
3 18 0.22585654210475156 0.20171041091040848 141 3464.1016151377544 1
3 19 0.22585608886509184 0.20171201288526536 141 3464.1016151377544 1
3 20 0.2258554680729778 0.2017142070740058 141 3464.1016151377544 1
3 21 0.22585468470064488 0.20171697590227144 141 3464.1016151377544 1
3 22 0.22585374498095262 0.20172029734003002 141 3464.1016151377544 1
3 23 0.22585265632332635 0.20172414519867976 141 3464.1016151377544 1
3 24 0.22585142721494256 0.20172848948030872 141 3464.1016151377544 1
3 25 0.22585006710924205 0.20173329677174542 141 3464.1016151377544 1
3 26 0.22584858630254218 0.20173853068067246 141 3464.1016151377544 1
3 27 0.22584699580511589 0.20174415229129772 141 3464.1016151377544 1
3 28 0.22584530720218404 0.2017501206556764 141 3464.1016151377544 1
3 29 0.22584353251492198 0.20175639328498354 141 3464.1016151377544 1
3 30 0.22584168405861643 0.20176292665085754 141 3464.1016151377544 1
3 31 0.22583977430269025 0.20176967668014323 141 3464.1016151377544 1
3 32 0.22583781573428946 0.20177659923704286 141 3464.1016151377544 1
3 33 0.2258358207275889 0.201783650585055 141 3464.1016151377544 1
3 34 0.2258338014207937 0.20179078782171317 141 3464.1016151377544 1
3 35 0.2258317696024245 0.20179796928050972 141 3464.1016151377544 1
3 36 0.22582973660837874 0.20180515489473314 141 3464.1016151377544 1
3 37 0.2258277132308468 0.20181230651940382 141 3464.1016151377544 1
3 38 0.22582570964004658 0.20181938820790263 141 3464.1016151377544 1
3 39 0.22582373531918 0.20182636644186752 141 3464.1016151377544 1
3 40 0.22582179901318075 0.2018332103123443 141 3464.1016151377544 1
3 41 0.22581990869100735 0.20183989165306165 141 3464.1016151377544 1
3 42 0.2258180715215202 0.20184638512569394 141 3464.1016151377544 1
3 43 0.22581629386236562 0.20185266825915046 141 3464.1016151377544 1
3 44 0.22581458126133488 0.20185872144477154 141 3464.1016151377544 1
3 45 0.22581293846936368 0.20186452789038264 141 3464.1016151377544 1
3 46 0.2258113694641608 0.20187007353677852 141 3464.1016151377544 1
3 47 0.2258098774836389 0.2018753469395617 141 3464.1016151377544 1
3 48 0.2258084650676639 0.20188033912158057 141 3464.1016151377544 1
3 49 0.2258071341072352 0.2018850433991002 141 3464.1016151377544 1
3 50 0.22580588589965614 0.2018894551868045 141 3464.1016151377544 1
3 51 0.22580472120847847 0.20189357178592088 141 3464.1016151377544 1
3 52 0.2258036403270441 0.20189739215963273 141 3464.1016151377544 1
3 53 0.22580264314425874 0.20190091670060262 141 3464.1016151377544 1
3 54 0.22580172921155775 0.20190414699428155 141 3464.1016151377544 1
3 55 0.22580089780977178 0.20190708558257267 141 3464.1016151377544 1
3 56 0.2258001480149859 0.20190973573105161 141 3464.1016151377544 1
3 57 0.22579947876226708 0.20191210120372258 141 3464.1016151377544 1
3 58 0.22579888890637825 0.20191418604842415 141 3464.1016151377544 1
3 59 0.22579837727866137 0.20191599439577632 141 3464.1016151377544 1
3 60 0.22579794273932602 0.20191753027436635 141 3464.1016151377544 1
3 61 0.22579758422441426 0.20191879744475213 141 3464.1016151377544 1
3 62 0.22579730078700985 0.20191979925380754 141 3464.1016151377544 1
3 63 0.22579709163204084 0.20192053851171307 141 3464.1016151377544 1
3 64 0.2257969561443874 0.20192101739260881 141 3464.1016151377544 1
3 65 0.2257968939099223 0.20192123736022682 141 3464.1016151377544 1
3 66 0.22579690472927302 0.20192119911924883 141 3464.1016151377544 1
3 67 0.2257969886241719 0.20192090259286208 141 3464.1016151377544 1
3 68 0.22579714583629767 0.20192034692685348 141 3464.1016151377544 1
3 69 0.2257973768186673 0.20191953052003514 141 3464.1016151377544 1
3 70 0.22579768221968066 0.20191845108063883 141 3464.1016151377544 1
3 71 0.22579806285993625 0.2019171057082604 141 3464.1016151377544 1
3 72 0.22579851970221335 0.20191549099995812 141 3464.1016151377544 1
3 73 0.22579905381483875 0.20191360317973261 141 3464.1016151377544 1
3 74 0.225799666329075 0.20191143824913818 141 3464.1016151377544 1
3 75 0.22580035839024293 0.20190899216004007 141 3464.1016151377544 1
3 76 0.2258011311059831 0.20190626099748454 141 3464.1016151377544 1
3 77 0.22580198548629793 0.20190324119161981 142 3464.1016151377544 1
3 78 0.22580292238436261 0.20189992972689919 141 3464.1016151377544 1
3 79 0.22580394243191157 0.20189632437045876 142 3464.1016151377544 1
3 80 0.2620796317407003 0.07367995816564991 142 3464.1016151377544 1
3 81 0.1257776742810923 0.555439010166333 141 3464.1016151377544 1
3 82 0.2626390688634699 0.07170262854439828 141 3464.1016151377544 1
3 83 0.14167091808301982 0.49926436520937156 139 3464.1016151377544 1
3 84 0.25933707719685123 0.08337351284182867 142 3464.1016151377544 1
3 85 0.2701562588698311 0.0451331324148452 150 3464.1016151377544 1
3 86 0.020999978567352758 0.9257756091313611 8 3464.1016151377544 1
3 87 0.2643453446580151 0.06567179946055744 146 3464.1016151377544 1
3 88 0.22617566396189362 0.20058247521355677 140 3464.1016151377544 1
3 89 0.26330296915352636 0.0693560740244064 140 3464.1016151377544 1
3 90 0.10528991148907614 0.6278529751911677 137 3464.1016151377544 1
3 91 0.029341047909790263 1.103705887202068 20 3464.1016151377544 1
3 92 0.2498072255935227 0.1170567581869095 42 3464.1016151377544 1
3 93 0.22021450103239168 0.22165219611312284 38 3464.1016151377544 1
3 94 0.2559611975178344 0.0953055542016417 152 3464.1016151377544 1
3 95 0.17132199896160807 0.39446266697185806 151 3464.1016151377544 1
3 96 0.25373238280909444 0.10318329624717283 157 3464.1016151377544 1
3 97 0.07877758139776607 0.7215607637598225 27 3464.1016151377544 1
3 98 0.26045643209695474 0.07941715472653153 150 3464.1016151377544 1
3 99 0.24596554872312784 0.13063515897930325 146 3464.1016151377544 1
3 100 0.2549239412859783 0.09897173470450714 151 3464.1016151377544 1
4 1 0.22405888364273677 0.20806423188717543 140 3464.1016151377544 1
4 2 0.22274864898806182 0.21269525419161817 139 3464.1016151377544 1
4 3 0.22274864898805222 0.21269525419165208 139 3464.1016151377544 1
4 4 0.22274864898806768 0.21269525419159746 139 3464.1016151377544 1
4 5 0.22274864898805743 0.21269525419163357 139 3464.1016151377544 1
4 6 0.22274864898806085 0.2126952541916215 139 3464.1016151377544 1
4 7 0.2227486489880594 0.2126952541916267 139 3464.1016151377544 1
4 8 0.22274864898806138 0.2126952541916197 139 3464.1016151377544 1
4 9 0.22274864898805474 0.2126952541916431 139 3464.1016151377544 1
4 10 0.22274864898806054 0.2126952541916226 139 3464.1016151377544 1
4 11 0.2227486489880617 0.21269525419161853 139 3464.1016151377544 1
4 12 0.2227486489880617 0.21269525419161855 139 3464.1016151377544 1
4 13 0.2227486489880548 0.21269525419164298 139 3464.1016151377544 1
4 14 0.2227486489880659 0.21269525419160365 139 3464.1016151377544 1
4 15 0.2227486489880614 0.2126952541916196 139 3464.1016151377544 1
4 16 0.2227486489880584 0.21269525419163024 139 3464.1016151377544 1
4 17 0.2227486489880577 0.2126952541916326 139 3464.1016151377544 1
4 18 0.22274864898806285 0.21269525419161447 139 3464.1016151377544 1
4 19 0.2227486489880572 0.21269525419163443 139 3464.1016151377544 1
4 20 0.2227486489880627 0.212695254191615 139 3464.1016151377544 1
4 21 0.22274864898805447 0.21269525419164415 139 3464.1016151377544 1
4 22 0.22274864898805832 0.2126952541916305 139 3464.1016151377544 1
4 23 0.22274864898806754 0.21269525419159802 139 3464.1016151377544 1
4 24 0.22274864898806104 0.2126952541916209 139 3464.1016151377544 1
4 25 0.22274864898810787 0.21269525419145538 139 3464.1016151377544 1
4 26 0.22274864898799793 0.212695254191844 139 3464.1016151377544 1
4 27 0.2227486489880583 0.21269525419163063 139 3464.1016151377544 1
4 28 0.2227486489880647 0.21269525419160792 139 3464.1016151377544 1
4 29 0.2227486489880611 0.21269525419162066 139 3464.1016151377544 1
4 30 0.22274864898806104 0.2126952541916209 139 3464.1016151377544 1
4 31 0.2227486489880593 0.21269525419162708 139 3464.1016151377544 1
4 32 0.2227486489880627 0.212695254191615 139 3464.1016151377544 1
4 33 0.22274864898805946 0.21269525419162644 139 3464.1016151377544 1
4 34 0.22274864898806043 0.21269525419162297 139 3464.1016151377544 1
4 35 0.22274864898805924 0.21269525419162721 139 3464.1016151377544 1
4 36 0.22274864898806163 0.21269525419161878 139 3464.1016151377544 1
4 37 0.22274864898805946 0.21269525419162644 140 3464.1016151377544 1
4 38 0.22274864898806118 0.2126952541916204 140 3464.1016151377544 1
4 39 0.22274864898805807 0.2126952541916314 140 3464.1016151377544 1
4 40 0.2227486489880599 0.21269525419162486 140 3464.1016151377544 1
4 41 0.2227486489880599 0.21269525419162486 140 3464.1016151377544 1
4 42 0.22274864898806293 0.21269525419161414 140 3464.1016151377544 1
4 43 0.22274864898805832 0.21269525419163057 140 3464.1016151377544 1
4 44 0.22274864898805757 0.21269525419163304 140 3464.1016151377544 1
4 45 0.2227486489880625 0.21269525419161586 140 3464.1016151377544 1
4 46 0.22274864898805846 0.21269525419163005 140 3464.1016151377544 1
4 47 0.222748648988059 0.21269525419162807 140 3464.1016151377544 1
4 48 0.22274864898806085 0.2126952541916215 140 3464.1016151377544 1
4 49 0.2227486489880603 0.2126952541916235 140 3464.1016151377544 1
4 50 0.22274864898805913 0.2126952541916277 140 3464.1016151377544 1
4 51 0.2227486489880623 0.21269525419161642 140 3464.1016151377544 1
4 52 0.2227486489880624 0.21269525419161606 140 3464.1016151377544 1
4 53 0.22274864898805913 0.2126952541916276 140 3464.1016151377544 1
4 54 0.22274864898805796 0.21269525419163182 140 3464.1016151377544 1
4 55 0.2227486489880624 0.21269525419161606 140 3464.1016151377544 1
4 56 0.22274864898805924 0.21269525419162721 140 3464.1016151377544 1
4 57 0.222748648988062 0.21269525419161747 140 3464.1016151377544 1
4 58 0.22274864898806013 0.21269525419162408 140 3464.1016151377544 1
4 59 0.22274864898805605 0.21269525419163854 140 3464.1016151377544 1
4 60 0.22274864898806074 0.21269525419162197 140 3464.1016151377544 1
4 61 0.22274864898805924 0.21269525419162721 140 3464.1016151377544 1
4 62 0.22274864898806074 0.21269525419162197 140 3464.1016151377544 1
4 63 0.22274864898806043 0.21269525419162302 140 3464.1016151377544 1
4 64 0.22274864898806013 0.21269525419162408 140 3464.1016151377544 1
4 65 0.22274864898806074 0.21269525419162197 140 3464.1016151377544 1
4 66 0.2227486489880591 0.21269525419162774 140 3464.1016151377544 1
4 67 0.2227486489880606 0.2126952541916225 140 3464.1016151377544 1
4 68 0.22274864898806118 0.2126952541916204 140 3464.1016151377544 1
4 69 0.22274864898806002 0.21269525419162447 140 3464.1016151377544 1
4 70 0.22274864898805896 0.21269525419162827 140 3464.1016151377544 1
4 71 0.22274864898805924 0.21269525419162721 140 3464.1016151377544 1
4 72 0.22274864898806312 0.21269525419161356 140 3464.1016151377544 1
4 73 0.22274864898805383 0.2126952541916464 140 3464.1016151377544 1
4 74 0.2227486489885474 0.21269525418990182 141 3464.1016151377544 1
4 75 0.22274864898774385 0.212695254192742 141 3464.1016151377544 1
4 76 0.25744744435080846 0.0900524171327571 142 3464.1016151377544 1
4 77 0.16000208585517958 0.43447288185449595 142 3464.1016151377544 1
4 78 0.20447798301988 0.2772728940164962 139 3464.1016151377544 1
4 79 0.2044779830198906 0.27727289401645877 141 3464.1016151377544 1
4 80 0.20447798301987524 0.277272894016513 149 3464.1016151377544 1
4 81 0.22346941681632837 0.2101477014482088 24 3464.1016151377544 1
4 82 0.25220442361772033 0.10858386558052414 145 3464.1016151377544 1
4 83 0.12126818257240865 0.571377801443224 31 3464.1016151377544 1
4 84 0.2629717523226599 0.07052675938666304 149 3464.1016151377544 1
4 85 0.2678264597502773 0.05336780369989164 47 3464.1016151377544 1
4 86 0.06741927457445462 0.7617066811737597 0 3464.1016151377544 1
4 87 0.19814259289128994 0.2996653203564371 147 3464.1016151377544 1
4 88 0.24296450146422116 0.14124235574600114 139 3464.1016151377544 1
4 89 0.2593301396614983 0.08339803354950687 149 3464.1016151377544 1
4 90 0.211534973614823 0.2523299719751529 28 3464.1016151377544 1
4 91 0.025259065915764205 1.089278128332144 20 3464.1016151377544 1
4 92 0.17230421266531276 0.3909910341972584 151 3464.1016151377544 1
4 93 0.2181733244865405 0.2288667313701583 140 3464.1016151377544 1
4 94 0.2567845199450612 0.09239552239120906 154 3464.1016151377544 1
4 95 0.2665742350857379 0.05779378978640197 34 3464.1016151377544 1
4 96 0.2663862940594276 0.05845806704517959 47 3464.1016151377544 1
4 97 4.655233711572798e-5 1.0001645391615446 22 3464.1016151377544 1
4 98 0.26447408854094984 0.06521675441095219 152 3464.1016151377544 1
4 99 0.2439954618022224 0.13759842806995898 145 3464.1016151377544 1
4 100 0.25543437646865363 0.09716760236263414 150 3464.1016151377544 1
5 1 0.2203185964592182 0.22128427099245532 137 3464.1016151377544 1
5 2 0.21945678793008125 0.22433033186891896 136 3464.1016151377544 1
5 3 0.21945678793006873 0.22433033186896317 136 3464.1016151377544 1
5 4 0.21945678793009024 0.22433033186888718 136 3464.1016151377544 1
5 5 0.21945678793007675 0.22433033186893486 136 3464.1016151377544 1
5 6 0.21945678793008108 0.2243303318689194 136 3464.1016151377544 1
5 7 0.21945678793008053 0.22433033186892143 136 3464.1016151377544 1
5 8 0.21945678793008305 0.2243303318689125 136 3464.1016151377544 1
5 9 0.21945678793007545 0.22433033186893941 136 3464.1016151377544 1
5 10 0.2194567879300804 0.22433033186892196 136 3464.1016151377544 1
5 11 0.2194567879300831 0.2243303318689124 136 3464.1016151377544 1
5 12 0.21945678793008172 0.22433033186891724 136 3464.1016151377544 1
5 13 0.21945678793007328 0.22433033186894702 136 3464.1016151377544 1
5 14 0.2194567879300875 0.22433033186889684 136 3464.1016151377544 1
5 15 0.2194567879300807 0.2243303318689209 136 3464.1016151377544 1
5 16 0.2194567879300775 0.22433033186893217 136 3464.1016151377544 1
5 17 0.21945678793007845 0.22433033186892878 136 3464.1016151377544 1
5 18 0.21945678793008674 0.22433033186889956 136 3464.1016151377544 1
5 19 0.21945678793007586 0.22433033186893794 136 3464.1016151377544 1
5 20 0.2194567879300835 0.22433033186891096 136 3464.1016151377544 1
5 21 0.21945678793007325 0.22433033186894716 136 3464.1016151377544 1
5 22 0.21945678793007414 0.22433033186894397 136 3464.1016151377544 1
5 23 0.21945678793008455 0.22433033186890722 136 3464.1016151377544 1
5 24 0.21945678793010118 0.22433033186884843 136 3464.1016151377544 1
5 25 0.2194567879299911 0.22433033186923754 136 3464.1016151377544 1
5 26 0.21945678793014387 0.22433033186869766 136 3464.1016151377544 1
5 27 0.2194567879300849 0.22433033186890594 136 3464.1016151377544 1
5 28 0.21945678793008322 0.22433033186891196 136 3464.1016151377544 1
5 29 0.21945678793008105 0.2243303318689196 137 3464.1016151377544 1
5 30 0.21945678793008097 0.22433033186891985 137 3464.1016151377544 1
5 31 0.21945678793007503 0.22433033186894083 137 3464.1016151377544 1
5 32 0.2194567879300857 0.22433033186890325 137 3464.1016151377544 1
5 33 0.21945678793008017 0.22433033186892273 137 3464.1016151377544 1
5 34 0.21945678793008314 0.22433033186891224 137 3464.1016151377544 1
5 35 0.21945678793007958 0.22433033186892484 137 3464.1016151377544 1
5 36 0.21945678793008158 0.22433033186891777 137 3464.1016151377544 1
5 37 0.2194567879300784 0.22433033186892903 137 3464.1016151377544 1
5 38 0.21945678793008117 0.2243303318689192 137 3464.1016151377544 1
5 39 0.2194567879300775 0.2243303318689322 137 3464.1016151377544 1
5 40 0.21945678793007972 0.22433033186892432 137 3464.1016151377544 1
5 41 0.2194567879300763 0.2243303318689364 137 3464.1016151377544 1
5 42 0.219456787930085 0.22433033186890564 137 3464.1016151377544 1
5 43 0.2194567879300792 0.22433033186892615 137 3464.1016151377544 1
5 44 0.21945678793007564 0.22433033186893878 137 3464.1016151377544 1
5 45 0.21945678793008475 0.22433033186890655 137 3464.1016151377544 1
5 46 0.21945678793007592 0.22433033186893775 137 3464.1016151377544 1
5 47 0.21945678793007928 0.22433033186892587 137 3464.1016151377544 1
5 48 0.21945678793008036 0.22433033186892215 137 3464.1016151377544 1
5 49 0.21945678793008325 0.22433033186891183 137 3464.1016151377544 1
5 50 0.21945678793007864 0.22433033186892815 137 3464.1016151377544 1
5 51 0.21945678793008336 0.22433033186891146 137 3464.1016151377544 1
5 52 0.21945678793008336 0.22433033186891146 137 3464.1016151377544 1
5 53 0.2194567879300783 0.2243303318689293 137 3464.1016151377544 1
5 54 0.21945678793007653 0.2243303318689356 137 3464.1016151377544 1
5 55 0.2194567879300835 0.22433033186891096 137 3464.1016151377544 1
5 56 0.2194567879300798 0.22433033186892407 137 3464.1016151377544 1
5 57 0.21945678793008305 0.2243303318689125 137 3464.1016151377544 1
5 58 0.2194567879300807 0.2243303318689209 137 3464.1016151377544 1
5 59 0.2194567879300749 0.22433033186894136 137 3464.1016151377544 1
5 60 0.21945678793008083 0.22433033186892037 137 3464.1016151377544 1
5 61 0.21945678793008008 0.224330331868923 137 3464.1016151377544 1
5 62 0.21945678793008128 0.2243303318689188 137 3464.1016151377544 1
5 63 0.21945678793008083 0.22433033186892037 137 3464.1016151377544 1
5 64 0.21945678793008097 0.22433033186891985 137 3464.1016151377544 1
5 65 0.21945678793008053 0.22433033186892143 137 3464.1016151377544 1
5 66 0.2194567879300792 0.22433033186892615 137 3464.1016151377544 1
5 67 0.21945678793008114 0.22433033186891932 137 3464.1016151377544 1
5 68 0.21945678793008186 0.2243303318689167 137 3464.1016151377544 1
5 69 0.21945678793007933 0.22433033186892562 137 3464.1016151377544 1
5 70 0.2194567879300795 0.2243303318689251 138 3464.1016151377544 1
5 71 0.21945678793008164 0.2243303318689175 139 3464.1016151377544 1
5 72 0.2194567879300815 0.22433033186891801 139 3464.1016151377544 1
5 73 0.256057709659083 0.09496443219179634 139 3464.1016151377544 1
5 74 0.16019803032235877 0.433780316446688 139 3464.1016151377544 1
5 75 0.20445713082209924 0.27734659607640955 138 3464.1016151377544 1
5 76 0.20445713082091815 0.27734659608058404 148 3464.1016151377544 1
5 77 0.225505696573597 0.20295047388263532 32 3464.1016151377544 1
5 78 0.26250219376013123 0.07218641337959751 40 3464.1016151377544 1
5 79 0.12533931990884625 0.5569883729983098 40 3464.1016151377544 1
5 80 0.180789942077321 0.36099823707785633 37 3464.1016151377544 1
5 81 0.2598044109501004 0.08172172243375658 138 3464.1016151377544 1
5 82 0.1706269393234612 0.39691935415815016 44 3464.1016151377544 1
5 83 0.19301533777570415 0.3177875954131417 24 3464.1016151377544 1
5 84 0.2598663399755347 0.08150283439178985 46 3464.1016151377544 1
5 85 0.27506956364136903 0.027767064509122 149 3464.1016151377544 1
5 86 0.188429903097761 0.3339948069941755 18 3464.1016151377544 1
5 87 0.18583768278794177 0.34315700555911915 41 3464.1016151377544 1
5 88 0.24307908989098775 0.14083734313372304 144 3464.1016151377544 1
5 89 0.25800512560993816 0.08808129360874985 147 3464.1016151377544 1
5 90 0.20424644215206783 0.27809127484576396 133 3464.1016151377544 1
5 91 0.027070278379704164 1.0956798559071725 18 3464.1016151377544 1
5 92 0.2430605871604688 0.14090274100533384 40 3464.1016151377544 1
5 93 0.14479339521921716 0.48822797473439233 139 3464.1016151377544 1
5 94 0.2574828555336223 0.08992725636338444 153 3464.1016151377544 1
5 95 0.2684546008136533 0.05114764010976558 155 3464.1016151377544 1
5 96 0.26759383548170146 0.05419001380743652 155 3464.1016151377544 1
5 97 0.001162562324381086 1.0041090746877317 0 3464.1016151377544 1
5 98 0.2633262706441238 0.06927371494292558 151 3464.1016151377544 1
5 99 0.24204781090175606 0.1444823970820328 143 3464.1016151377544 1
5 100 0.255707898704913 0.0962008384533154 148 3464.1016151377544 1
