0 0.01971875880987819
1 0.019455644312209978
2 0.019279950943131927
3 0.019248550455388605
4 0.019192345083052526
5 0.019246171889335844
6 0.01929453764418081
7 0.01918116991984298
8 0.019016703163010275
9 0.018903589463404737
10 0.018978682792416577
11 0.018985189467079652
12 0.018934972835177435
13 0.018942808093479875
14 0.018879210222249043
15 0.018769004264556886
16 0.018566253612288357
17 0.018405351739219273
18 0.018243226005413886
19 0.01819717475318827
20 0.018263722667163907
21 0.018189003674125084
22 0.018057604927889475
23 0.01787352939546002
24 0.017770635708857695
25 0.017597674867091014
26 0.01756434254180776
27 0.01746424571753182
28 0.017384257368486717
29 0.017215017580090124
30 0.01730626988855165
31 0.017232922271132118
32 0.01727418571987513
33 0.01721167007732911
34 0.01725251000550649
35 0.01738334398544252
36 0.017562606893875215
37 0.017819197208094516
38 0.017979831364952324
39 0.01800280455844998
40 0.018087830006548976
41 0.018179936251143777
42 0.018211152170535407
43 0.0181496756677161
44 0.018187115424263742
45 0.018164896429231723
46 0.018276981261485577
47 0.01836988797024244
48 0.01849137487604152
49 0.018404346442639767
50 0.01844351318481384
51 0.01837248957444021
52 0.018182474207903736
53 0.01802956851985114
54 0.017822128631169894
55 0.017702045292258595
56 0.01758379869552164
57 0.017447882091927717
58 0.017229412309263337
59 0.017099942073113158
60 0.017007724243983207
61 0.016799939625726113
62 0.01670775158501008
63 0.016581933484738715
64 0.016459511527593635
65 0.016320416984696145
66 0.016289177429028776
67 0.01627291987211193
68 0.016075081929093182
69 0.015954380346751614
70 0.015838581920448874
71 0.015747959648573447
72 0.015681336282818526
73 0.015620371651461117
74 0.015507371402141116
75 0.015430858349492907
76 0.015319315659615538
77 0.01534983265723928
78 0.015324865723904874
79 0.015230987446662712
80 0.01523368367695703
81 0.015253463316552125
82 0.015185969601220779
83 0.015109217414301065
84 0.015034203961291591
85 0.014879978033533883
86 0.014777557409523202
87 0.01470296587232037
88 0.014626285441841708
89 0.014528473728795456
90 0.014435008830468448
91 0.014411360662987578
92 0.014355434978763843
93 0.014303058212844217
94 0.01429216484524961
95 0.01428108346126563
96 0.014215088138697481
97 0.014135139929050407
98 0.014069782567043599
99 0.014048066663573673
100 0.013954177719342733
101 0.013888292334440767
102 0.013818602116617347
103 0.013757461763409478
104 0.013656347669787069
105 0.013559133212590575
106 0.01348599245741353
107 0.013476999014919677
108 0.013502839525111714
109 0.013571218969941
110 0.01358605745786124
111 0.013610431268222516
112 0.013605276303657527
113 0.013606297517837726
114 0.013600064089442506
115 0.013621026831454953
116 0.013565446603985277
117 0.013609758123409523
118 0.013565862443007145
119 0.013520596747282933
120 0.013640571656892567
121 0.013611492066243663
122 0.013629788683207484
123 0.013662893483544084
124 0.013667794103544066
125 0.013627057044620534
126 0.01364659942347355
127 0.013597214690433318
128 0.013575879012705513
129 0.013453202200318011
130 0.013378088924038125
131 0.013279349967756463
132 0.013193296657631786
133 0.013103713389195882
134 0.013011130623877392
135 0.012893221137589719
136 0.012860460041729773
137 0.012781241980362639
138 0.012772577332618775
139 0.012695710121274063
140 0.012569867712243468
141 0.012509324832426266
142 0.012458771722401257
143 0.012404570225607765
144 0.012388177599238718
145 0.012436784192874256
146 0.012501930494559926
147 0.01249198396269377
148 0.012434677187723932
149 0.01237923320958228
150 0.012313150082416907
151 0.012221465258545837
152 0.012121340309241432
153 0.012068749924747154
154 0.01206707331272147
155 0.012026595191413463
156 0.01200482064656542
157 0.011947783387801699
158 0.011888444146918396
159 0.011850674773638752
160 0.011841313304384891
161 0.011784576623920464
162 0.011689786639574658
163 0.011580392111013787
164 0.011517136478500905
165 0.01142827222121987
166 0.011349366220650452
167 0.011206391947285494
168 0.011125067889765668
169 0.011092654993902303
170 0.011047147372799665
171 0.010980331070586826
172 0.010965943653866078
173 0.01092498568953158
174 0.010937205109950523
175 0.010938276842030623
176 0.010985835177136848
177 0.010985321125067492
178 0.010996235034316577
179 0.010909790598804085
180 0.010800854633970734
181 0.010741744456610773
182 0.010677142880734649
183 0.010647512601877681
184 0.010610232874031938
185 0.010541623533266807
186 0.010461455089631264
187 0.010374266047957513
188 0.010270266746299293
189 0.010251731030004815
190 0.010178585528103471
191 0.010123612714297946
192 0.01006051164597811
193 0.009987390441463235
194 0.009892429450840947
195 0.009818502231771945
196 0.00980943391644898
197 0.009762607490381998
198 0.009697028627426054
199 0.009652451538769364
200 0.009600966176486725
201 0.009535935553721899
202 0.009480035234019855
203 0.009404166908373274
204 0.00935448385677523
205 0.00931862709168797
206 0.00930576499411333
207 0.009269629271585507
208 0.009205463857929676
209 0.009173982459156585
210 0.009143818020608045
211 0.009104488985504347
212 0.00901492799144565
213 0.008901680349183788
214 0.008832079016339879
215 0.008798233360041593
216 0.008737268144365706
217 0.008742600535744651
218 0.008694156648546919
219 0.008628174161883155
220 0.008621046124757318
221 0.008599511702925876
222 0.00857913560029963
223 0.008549627946079306
224 0.008506729528747724
225 0.008456203504887518
226 0.008405623348461906
227 0.008421194952524877
228 0.00837217437339779
229 0.00832896349631779
230 0.008247488461943354
231 0.008238851890068481
232 0.008178358007622321
233 0.008157450481520423
234 0.008142320790090774
235 0.008126543889674128
236 0.008079383110893299
237 0.00807868976709881
238 0.008050057119082833
239 0.008012216725950908
240 0.00797672791524047
241 0.007947580681214384
242 0.007932464117085371
243 0.007898583590006603
244 0.007855322589256851
245 0.007826690388731773
246 0.0077980983607594525
247 0.007765889978312266
248 0.007788100321779627
249 0.007780092682269992
250 0.0077742398631728635
251 0.007776759152386731
252 0.0077527297491477975
253 0.00773607050062289
254 0.007754436689866559
255 0.007753305786014006
256 0.007734885339608033
257 0.007740329392314586
258 0.0077514977893452675
259 0.007773132465834474
260 0.0077935902462229175
261 0.007807748641161392
262 0.0077702693543299246
263 0.007693151845931215
264 0.007632397328200527
265 0.007574374964435721
266 0.007553020826024902
267 0.007543502762496169
268 0.007546819877780818
269 0.0075572606469143325
270 0.007574349708972778
271 0.007529710896840131
272 0.0074883912468514295
273 0.007403756656734734
274 0.007339310677107705
275 0.007286597734782057
276 0.007254964206671151
277 0.007205719780158277
278 0.007148011982459183
279 0.0070816747031707565
280 0.007043875770736417
281 0.006986654250419061
282 0.006921127799515685
283 0.0068765001863329385
284 0.006826482715101679
285 0.006805832333092271
286 0.006756866645273647
287 0.006719042173587154
288 0.006696029019890184
289 0.006656483541827245
290 0.0066312955087667255
291 0.006613311555050773
292 0.006588642085794556
293 0.006577521475243827
294 0.00655155230712364
295 0.006538664581225091
296 0.006519497664307335
297 0.006507169111577506
298 0.006483644456677394
299 0.006480895068790479
300 0.006454412611855056
