0 40.13483569967754
1 40.00188657412763
2 39.94129037834088
3 39.93730456088562
4 39.98235866666864
5 40.04885831136964
6 40.02647330042047
7 39.99616311350694
8 39.93798427002649
9 39.857030224989224
10 39.8049032296742
11 39.872378013445186
12 40.00485422352686
13 40.11189309414088
14 40.15342590713247
15 40.09181030374399
16 39.989510511350886
17 39.88157170519201
18 39.82218670793942
19 39.823566098627936
20 39.91140204494614
21 39.972914970523945
22 40.00447114708882
23 40.00495647883402
24 39.981403888866005
25 39.89419941973181
26 39.85315347987512
27 39.84601046131936
28 39.86651345976397
29 39.93724488077529
30 39.988128928894476
31 39.98119542731172
32 39.863692137429226
33 39.73075034400413
34 39.689302544507164
35 39.75078818738773
36 39.912790057760326
37 40.02755286526782
38 40.0892664972207
39 40.061079178918334
40 39.940877300547726
41 39.7431969401899
42 39.58460319015244
43 39.50594618680861
44 39.56266355493952
45 39.73195163493118
46 39.85996123970411
47 39.950673928887205
48 39.945181645095964
49 39.81109173739894
50 39.65181868414719
51 39.545547359227406
52 39.57612142386868
53 39.6855333564229
54 39.810250146326915
55 39.818922584672066
56 39.742657118857004
57 39.6221853378196
58 39.52118061531691
59 39.49859107072207
60 39.590978320290496
61 39.74761456915826
62 39.866425237018504
63 39.864870309935405
64 39.77750986231514
65 39.62715325266595
66 39.511806384301224
67 39.49837658890509
68 39.65479705547476
69 39.81449989262377
70 39.976027356678784
71 40.023143476982334
72 39.89146434051896
73 39.7343975170164
74 39.57935161463583
75 39.542779986442014
76 39.612202599268734
77 39.69223142615884
78 39.815756540830165
79 39.816535333709844
80 39.75905274863089
81 39.60429846045286
82 39.45502474673574
83 39.3500197924909
84 39.31297565945105
85 39.34453086678851
86 39.46386825082758
87 39.54649217920804
88 39.58738388747231
89 39.56718239861436
90 39.453186133491734
91 39.31339671949375
92 39.21576189329524
93 39.18571102005404
94 39.22133838562624
95 39.2737707749583
96 39.25592506379307
97 39.17742038998474
98 39.02756797486813
99 38.93508622710262
100 38.88598781922916
101 38.90368904637967
102 39.0035850883208
103 39.05086560045436
104 39.02706485020986
105 38.94398930077729
106 38.83707709543418
107 38.763227982242945
108 38.75138240046027
109 38.77613395557414
110 38.83940894873311
111 38.86018991210294
112 38.79160165285385
113 38.68891580445663
114 38.539363319765904
115 38.44166561728857
116 38.39451731008922
117 38.42946761794325
118 38.517320093836844
119 38.631603059607016
120 38.68283485365346
121 38.68277036752133
122 38.609097868241136
123 38.46038622615992
124 38.34477831361533
125 38.261901372694034
126 38.25035018884791
127 38.28158909934739
128 38.31737122298131
129 38.3432957349759
130 38.33333513545135
131 38.24780047727336
132 38.17558840256266
133 38.18732240064012
134 38.23180794163429
135 38.29270010272726
136 38.30624126081586
137 38.24873619906896
138 38.18050813845126
139 38.085661891648435
140 37.999813115947944
141 37.98033439199575
142 38.0063986718729
143 38.075054399783646
144 38.14135998029768
145 38.11170486728048
146 38.01852235559484
147 37.90632320855076
148 37.85199154144113
149 37.84421103560442
150 37.84327231593
151 37.899542465201705
152 37.88430353764265
153 37.86224540884787
154 37.87804286548275
155 37.87251746856956
156 37.84919901606056
157 37.76421827129972
158 37.65644030350752
159 37.66386957147876
160 37.67220410927306
161 37.70104928793774
162 37.80334371073158
163 37.88661912277179
164 37.94477369816688
165 37.88221611365578
166 37.75280281747602
167 37.66814999804285
168 37.59488420127654
169 37.60463362541147
170 37.65164666108653
171 37.67004049064864
172 37.70219336259818
173 37.63675198768928
174 37.5958152263106
175 37.53483167277499
176 37.56172404690386
177 37.6276715731855
178 37.65082673401446
179 37.67600519232731
180 37.723121077107116
181 37.77102307333866
182 37.75908120942603
183 37.75834479314077
184 37.71448514046302
185 37.68608341855908
186 37.68956250863212
187 37.69971512947286
188 37.66843358535707
189 37.627489936924
190 37.62820090070118
191 37.603633720422366
192 37.59295826826111
193 37.59624908294466
194 37.52823595395157
195 37.496384337789976
196 37.445744912504885
197 37.462318068395966
198 37.53303052872945
199 37.608900916649254
200 37.62324950595766
201 37.595901333808854
202 37.519344162968075
203 37.410057986700664
204 37.370519665778446
205 37.38980145444918
206 37.42920212721479
207 37.44759076049767
208 37.44882888889342
209 37.454937932808726
210 37.457644878477055
211 37.415214340160226
212 37.388693063973854
213 37.33351902461401
214 37.310809931237436
215 37.30695943745508
216 37.27674523618784
217 37.248940783612426
218 37.21553723857606
219 37.21545043136272
220 37.264184010586995
221 37.27931061731193
222 37.27497136513359
223 37.19703009690909
224 37.14799357186026
225 37.09464312317888
226 37.05778424173404
227 37.04980589306323
228 37.0656366197757
229 37.128490100364246
230 37.2135624307397
231 37.26667887247369
232 37.23069790666205
233 37.202745588489734
234 37.14659142266955
235 37.080923687094966
236 37.014719951023544
237 36.990925352968446
238 36.980964703516925
239 36.98876484814717
240 37.03144157507882
241 37.067643379122366
242 37.08930781861998
243 37.092679536720524
244 37.06282395761925
245 37.025184081786385
246 36.99767557940672
247 36.93755850985687
248 36.90003155536903
249 36.889370143722175
250 36.92169021437956
251 36.93687588553734
252 36.98869448384521
253 36.99353303215151
254 37.03079263782943
255 37.04570220858161
256 37.07914869948629
257 37.05738643383528
258 36.99416549855191
259 36.85568211370827
260 36.80231235523019
261 36.81900726558059
262 36.868051529446824
263 36.966030441425396
264 37.006614203564745
265 37.02997631704655
266 37.007630778672166
267 37.027340991769314
268 37.016861890976955
269 36.982055538063626
270 36.96007546050542
271 36.93991168522665
272 36.883034375365064
273 36.85550120716748
274 36.85658021851555
275 36.87794919158226
276 36.92674253832376
277 36.978175559278526
278 37.01124382548055
279 37.049767682270314
280 37.09996823173309
281 37.08319290090586
282 37.06085275183868
283 36.956805902316404
284 36.86517758826724
285 36.72264831226459
286 36.66466357645107
287 36.66132966499673
288 36.73033692632947
289 36.807417388295605
290 36.88699250386611
291 36.920572080679484
292 36.88312676501001
293 36.83386184927437
294 36.756854261280736
295 36.69732047160301
296 36.62144038790078
297 36.56590990561061
298 36.58409108203556
299 36.608337477350936
300 36.632662802999135
301 36.65620058664056
302 36.60595579267869
303 36.558919808220026
304 36.482232923782824
305 36.33676112083015
306 36.281952928161516
307 36.28736290948706
308 36.29986426403569
309 36.29518684959542
310 36.247078838961066
311 36.16437362991171
312 36.136009822077185
313 36.07850669482464
314 35.99711794769741
315 35.96694845522627
316 36.00153772119456
317 36.06311012367441
318 36.101361637632166
319 36.08468866072042
320 36.094706702855326
321 36.09546662023287
322 36.08142246371933
323 36.011470259099795
324 35.91395096827974
325 35.84661833750208
326 35.80096118526236
327 35.74148936551075
328 35.70028005334964
329 35.65190739912088
330 35.680982190097694
331 35.734689319566634
332 35.77098815301583
333 35.816370773473075
334 35.8208957498618
335 35.817378030100315
336 35.78130108279672
337 35.77613560363266
338 35.75831224138748
339 35.75255427164537
340 35.76681540374544
341 35.79139744346436
342 35.88480558935676
343 35.948759989472485
344 36.00374737705267
345 35.990466356360265
346 35.90587883654842
347 35.8502174175208
348 35.80956362350584
349 35.73361572479195
350 35.653261998256724
351 35.633351317389035
352 35.64900300031755
353 35.64452238383965
354 35.67395275781481
355 35.67869354353078
356 35.692798643216236
357 35.68599122422011
358 35.65639535952051
359 35.56763956288902
360 35.54876546323531
361 35.500808725694576
362 35.458742748519526
363 35.439643464202405
364 35.385857418965166
365 35.3690994399174
366 35.35299997181573
367 35.3933027737481
368 35.321359540873445
369 35.216853138859754
370 35.14261400414391
371 35.10804233592249
372 35.097125772020476
373 35.06756611213564
374 35.016305319917244
375 34.97824890118148
376 34.915438424013175
377 34.901739329570276
378 34.91308938810568
379 34.90063676609306
380 34.895287433078224
381 34.90262795615421
382 34.915392502652786
383 34.895243375142606
384 34.86168574004368
385 34.833989569401474
386 34.8135710910084
387 34.775941368439305
388 34.7413683744093
389 34.80137868482582
390 34.84792527908715
391 34.91693488551222
392 34.947248563391156
393 34.96122124885789
394 34.9690767934001
395 34.939652413253306
396 34.90349809861512
397 34.845803729897106
398 34.81036794834417
399 34.73720746042158
400 34.69915518382972
401 34.64137683541319
402 34.62685014303161
403 34.64281139298335
404 34.63763272245213
405 34.59792022372353
406 34.60317695615838
407 34.55870729011418
408 34.52474710758579
409 34.474255083726526
410 34.4244476787333
411 34.31021394600856
412 34.25811623930245
413 34.25950588279913
414 34.340886220984835
415 34.474295228443616
416 34.59104024166653
417 34.633721278170675
418 34.598639397672414
419 34.47050272998937
420 34.36963429199139
421 34.33177921011998
422 34.379178332271714
423 34.40887620446271
424 34.43762116753254
425 34.406503764225924
426 34.45194694606032
427 34.38501995813004
428 34.3507547470129
429 34.31458040115766
430 34.341183014183976
431 34.42959113052674
432 34.508067742909944
433 34.58867666957468
434 34.58612344789489
435 34.580286256218265
436 34.56831197081401
437 34.51931879375959
438 34.47192570188115
439 34.46036867731176
440 34.493805668737224
441 34.59191041127899
442 34.64055810684824
443 34.67922772860417
444 34.667043088388304
445 34.6429619924736
446 34.619850758624345
447 34.67629277468661
448 34.697365264649605
449 34.71593458874324
450 34.65771137790101
451 34.63272779718384
452 34.63481515516469
453 34.66210689174966
454 34.70087930099102
455 34.6519119155703
456 34.56019596286737
457 34.48818610840823
458 34.418031321409295
459 34.39325075666955
460 34.41161644927551
461 34.404620492656214
462 34.3613362499032
463 34.315600364017484
464 34.289275115253474
465 34.25823987089267
466 34.20827058776199
467 34.212359738677094
468 34.169292593525284
469 34.15113746094636
470 34.200957226910226
471 34.28074887990709
472 34.38516380273733
473 34.511721318986154
474 34.457664392111184
475 34.42291563329779
476 34.28873766263742
477 34.135199503294366
478 34.079992544850676
479 34.118173426175
480 34.18498752725221
481 34.21250669612877
482 34.28982554149164
483 34.31939842759931
484 34.355167332652954
485 34.32949501925103
486 34.31180374940279
487 34.27085662315677
488 34.22686601956257
489 34.247287334410736
490 34.300247603651925
491 34.30025506688781
492 34.2535472420156
493 34.185456507530645
494 34.15356747711913
495 34.193826123986355
496 34.25185726619334
497 34.32808555965197
498 34.39267647398757
499 34.35405545744775
500 34.26543917661401
501 34.168643116990516
502 34.07625545991765
503 34.03939945646385
504 34.068057809669725
505 34.06774923167261
506 34.07600508482401
507 34.096346532865674
508 34.09961663577364
509 34.068038217094895
510 34.043133372073434
511 34.00791240686155
512 34.00248889984398
513 34.07160020496167
514 34.10507458068673
515 34.10425591174096
516 34.073300925312424
517 34.01689539213065
518 33.95182247396914
519 33.912834540662935
520 33.8846443358372
521 33.86071887256851
522 33.89007302895827
523 33.93403021986099
524 33.92725064499227
525 33.87842629306108
526 33.8829130611345
527 33.851451611393514
528 33.853906386317504
529 33.849034987465785
530 33.89279910321752
531 33.89092653622106
532 33.84179868564376
533 33.795890205352975
534 33.72606800040241
535 33.67464701015505
536 33.68242773081114
537 33.73715692390652
538 33.816652568274726
539 33.80844933103042
540 33.76253094651667
541 33.722743345608855
542 33.700473291001764
543 33.66764121319281
544 33.67663392828389
545 33.661563962730945
546 33.60875508380806
547 33.56093966569292
548 33.464903846037856
549 33.34370844675949
550 33.2789321611697
551 33.2837908348696
552 33.322868364319646
553 33.3431495040357
554 33.37301303672728
555 33.451189440398466
556 33.519230139420145
557 33.577176196366665
558 33.60873351745146
559 33.57482756167473
560 33.51622001292649
561 33.426091950290136
562 33.321097046088404
563 33.25919039579411
564 33.20024488488169
565 33.18543693380776
566 33.1414797374668
567 33.17259795794079
568 33.20930881717135
569 33.1799232854859
570 33.18949172158765
571 33.16111293877398
572 33.07911088596087
573 33.07317485652524
574 33.05806231295712
575 33.075570438359115
576 33.088089069660334
577 33.06563730333943
578 33.083758562596
579 33.05178478316985
580 33.02561540715383
581 33.01802237128429
582 33.054300236108595
583 33.08345973872284
584 33.104957749378585
585 33.0691829984388
586 32.979483986101464
587 32.929521744808085
588 32.91649774184283
589 32.86436728896707
590 32.847805615319494
591 32.82277908761561
592 32.79735872434667
593 32.73765662498525
594 32.705819903186615
595 32.696537998875165
596 32.77186260877274
597 32.81499024502659
598 32.806649898238646
599 32.7963716587822
600 32.7152827264623
601 32.652238839466804
602 32.5621796947228
603 32.51583867662565
604 32.518188566605126
605 32.564863016996114
606 32.53450653714974
607 32.43376157081278
608 32.35794250598848
609 32.25545985455604
610 32.17786973407838
611 32.150869109722535
612 32.18746805575366
613 32.22075655870758
614 32.28913270043285
615 32.31992322499559
616 32.32913626718322
617 32.30433078813128
618 32.226084667713444
619 32.17168132192102
620 32.12356049580891
621 32.08611732680749
622 32.03666795186042
623 32.00069828236636
624 31.99178742387501
625 31.93334566434768
626 31.85128285957351
627 31.811211646424137
628 31.827580152366256
629 31.892997569294085
630 31.867690412722865
631 31.834098515749663
632 31.802025019054163
633 31.741473658621356
634 31.622183005774453
635 31.55869128740864
636 31.563093065501118
637 31.669833173196217
638 31.750711614151832
639 31.720896904226905
640 31.675212061135763
641 31.70636549017507
642 31.700262068430465
643 31.697264649204246
644 31.69230973977782
645 31.72720266004065
646 31.765969112061562
647 31.78686056348939
648 31.811121938468364
649 31.77484715953732
650 31.706020785252818
651 31.669171372584312
652 31.66855916032243
653 31.669405465062393
654 31.664453792622798
655 31.685348205106823
656 31.747279870601282
657 31.74180578543046
658 31.684685783256985
659 31.608926908305364
660 31.51034252110607
661 31.394246013606747
662 31.315195518154354
663 31.250169604011326
664 31.206619251807243
665 31.210184149498637
666 31.249071787567075
667 31.292674174935044
668 31.32621156586786
669 31.3050772646305
670 31.271024623138334
671 31.172506039996843
672 31.09581503582257
673 31.015524702843788
674 30.962762126479134
675 31.010337848399814
676 31.065512119087266
677 31.14641505727131
678 31.164554613573603
679 31.135068094833958
680 31.02167820551276
681 30.943070209091168
682 30.877158423675226
683 30.900797395315145
684 30.95075704004643
685 31.023957168767936
686 31.093033838645496
687 31.05256340781344
688 30.9971577286597
689 30.89752688509774
690 30.82697772251656
691 30.80870819344819
692 30.839515566911544
693 30.905062444657354
694 30.942945822177315
695 31.015690339678425
696 31.02981016870481
697 30.993635728472682
698 30.91788733346661
699 30.880985737652324
700 30.86415411668617
701 30.842659927048818
702 30.790311662935935
703 30.735751505263835
704 30.71922803004597
705 30.699946672397335
706 30.657729178593907
707 30.593263882276315
708 30.571671698784574
709 30.534244731265137
710 30.489380318315543
711 30.488718996470652
712 30.578076990980673
713 30.613026149147093
714 30.624303833315764
715 30.63653710745131
716 30.588588021390468
717 30.592166270170107
718 30.56240754493463
719 30.576247180735283
720 30.554981165502625
721 30.490242648007925
722 30.390789248738958
723 30.35420630011657
724 30.306966453053217
725 30.339143348737945
726 30.42893510230769
727 30.511183761908853
728 30.539427547605403
729 30.531669697397064
730 30.46776147372703
731 30.34876388598037
732 30.272460407579803
733 30.165769526591852
734 30.164155629196532
735 30.198627220351902
736 30.258991779937002
737 30.254734595488546
738 30.27474352812987
739 30.232407376078417
740 30.190698733916374
741 30.193640692269007
742 30.163098147897347
743 30.15271180809025
744 30.164231321150172
745 30.162081198278056
746 30.180856666701434
747 30.212981643502445
748 30.175347082108065
749 30.11554835079036
750 30.075377346013152
751 30.007499665173466
752 29.97429032866693
753 29.953969703581595
754 29.969254243418405
755 30.0004059740925
756 29.981360527531322
757 29.984255968355555
758 29.963061073719537
759 29.99723497995175
760 30.011224876728743
761 30.023392304771022
762 29.931507342242114
763 29.87273175335499
764 29.754884284528433
765 29.707967110594844
766 29.7278830487913
767 29.762037128109842
768 29.77269174097145
769 29.8219117684741
770 29.81519219627773
771 29.773542617343004
772 29.72018300146382
773 29.68530448245535
774 29.791987506222412
775 29.85550367636786
776 29.91494313052094
777 29.928361189776535
778 29.921539531315776
779 29.816748862192508
780 29.64767799340501
781 29.4620451868181
782 29.37109909167267
783 29.36460183008153
784 29.362618753999982
785 29.377806454232942
786 29.384206900951774
787 29.444894829364422
788 29.42249134370788
789 29.383661956308806
790 29.32330918249886
791 29.27684793747225
792 29.26972245582995
793 29.279479396153025
794 29.357241519214423
795 29.372444399713416
796 29.38451390115516
797 29.323003589703443
798 29.28855217299737
799 29.209961872897487
800 29.16940635408685
801 29.116176200418007
802 29.088044205267792
803 29.089992779354542
804 29.1166108899946
805 29.256781006438104
806 29.338522684541495
807 29.438500640329067
808 29.462089436812526
809 29.440350235715915
810 29.379690950372158
811 29.29219737431693
812 29.199600181654276
813 29.189953255471124
814 29.164143920950483
815 29.17012734518306
816 29.145809079890892
817 29.150975107740884
818 29.1549166847946
819 29.13386614872833
820 29.106903221652026
821 29.024204988198168
822 28.983786231544904
823 28.962807620804746
824 29.02597307815984
825 29.081073791338078
826 29.08634279666946
827 28.99876425029675
828 29.033990673447725
829 29.06042922779786
830 29.05981628305487
831 29.119198499527755
832 29.154380161254473
833 29.09878568280102
834 29.049160918347997
835 28.938518426326258
836 28.855811803585347
837 28.795549344335896
838 28.834423281613844
839 28.86309120606628
840 28.91506308276015
841 28.92925515725448
842 28.90261346170743
843 28.820165993137334
844 28.811004408933165
845 28.8302425140217
846 28.857835022386936
847 28.898015478616152
848 28.859173104739764
849 28.751029210429497
850 28.611268462122617
851 28.469255363189415
852 28.412318043024968
853 28.422650171950867
854 28.554254489626935
855 28.715328758182743
856 28.789322866693265
857 28.799885691531042
858 28.707877417212135
859 28.601073360948764
860 28.43250270850788
861 28.41375673604804
862 28.44738685871369
863 28.523461818217168
864 28.630799411405913
865 28.697444862163785
866 28.67252267454482
867 28.63053962706755
868 28.582448379006816
869 28.518694410892188
870 28.501621556103395
871 28.489567822674797
872 28.509493447760004
873 28.525071145406837
874 28.547274763620276
875 28.60533366518972
876 28.633033324515885
877 28.690275710260423
878 28.766029976410426
879 28.86234609003995
880 28.942755111013472
881 28.96123716297176
882 28.940010727547634
883 28.952607810431655
884 28.949501182818928
885 28.894674307230197
886 28.80874665370191
887 28.81712083912777
888 28.865975388982502
889 28.892500879023824
890 28.928212309779227
891 28.9073168641504
892 28.927093266203027
893 28.9927762576332
894 29.00731302212996
895 29.001498738775705
896 28.977995797133417
897 28.954310535707254
898 28.907061872928494
899 28.83633887278968
900 28.764628889124626
901 28.701151596468037
902 28.626081055780528
903 28.626161086493315
904 28.657296459046155
905 28.725705331420695
906 28.760482403264163
907 28.806529310907276
908 28.76485886408508
909 28.688327432104895
910 28.62772772991341
911 28.569567272106024
912 28.524675893391727
913 28.528426474403762
914 28.52801100676615
915 28.532058052102506
916 28.546161117097412
917 28.506790826445762
918 28.412439026989833
919 28.313952661227685
920 28.201797759984405
921 28.099462478548066
922 28.031561294340886
923 27.932682622735893
924 27.915513847909217
925 27.904181818258486
926 27.888811133340948
927 27.936018510799894
928 27.956616488337467
929 28.026169603780577
930 28.069971850656728
931 28.11193961178967
932 28.1362363824824
933 28.116708673242762
934 28.046279863858896
935 27.98158822650899
936 27.933732959492048
937 27.93719485837321
938 27.978151073529137
939 28.011466803068696
940 28.009561157551627
941 27.987030370129265
942 27.921662688147425
943 27.759759595140363
944 27.679934575900514
945 27.57394606506598
946 27.504489705622362
947 27.5210125046475
948 27.560055543429012
949 27.597678307006483
950 27.59285496020783
951 27.49605598686448
952 27.406030102483246
953 27.331043524025556
954 27.3306634115321
955 27.33731426220554
956 27.3275734711694
957 27.333468207066446
958 27.381084125412464
959 27.349491452679903
960 27.299396005587035
961 27.195664347554526
962 27.093108018525353
963 27.031951594925896
964 26.99450158481445
965 26.923806431994397
966 26.882397217760715
967 26.824930973816425
968 26.729173047839723
969 26.71868853467359
970 26.696172738612873
971 26.663441015943192
972 26.64232186460922
973 26.565621301868585
974 26.507901348287493
975 26.46793872877973
976 26.40109320780003
977 26.379604546184964
978 26.39302383929572
979 26.44579224525033
980 26.516242095808447
981 26.507370617882057
982 26.473913013583946
983 26.447141392483363
984 26.412956555578553
985 26.39769739302367
986 26.416275171914332
987 26.398266224468706
988 26.381975953909006
989 26.304642393536028
990 26.191892249309742
991 26.117723643382362
992 26.135833933613142
993 26.136650688113363
994 26.235711604103702
995 26.322778290595576
996 26.357164912580348
997 26.33469630789252
998 26.239972301797092
999 26.170040972701262
1000 26.10881730081302
