0 0.6823818493223505
1 0.6321791753668561
2 0.6065857157008275
3 0.6500235977061741
4 0.6707085127090012
5 0.6597387316416176
6 0.6511668661850589
7 0.6857700190523132
8 0.6682404946352122
9 0.6522793580809347
10 0.6402113179403187
11 0.6689975005162083
12 0.6749820338398493
13 0.5933764738575837
14 0.6478392357020989
15 0.687151338799005
16 0.6838857347438886
17 0.6891890800373711
18 0.7162041899929283
19 0.7001158025080604
20 0.6763481861548771
21 0.6897198598724665
22 0.6733028805519203
23 0.7225521733951551
24 0.6830514465795197
25 0.6461627338531922
26 0.633275299478359
27 0.6363769661598352
28 0.643523313724953
29 0.6370567649061126
30 0.6640649674196223
31 0.6374987503458872
32 0.6264435459061743
33 0.6371890907644739
34 0.6716169999767433
35 0.7163064365124713
36 0.6817989783770044
37 0.6422022393474272
38 0.693187982799617
39 0.7573921625041635
40 0.7120450199473427
41 0.7730668218262866
42 0.7562037467441561
43 0.706037658637928
44 0.7197354534340521
45 0.6364669819478952
46 0.6927026007137982
47 0.6838407367198761
48 0.6987725120737288
49 0.7003333780603797
50 0.6651602887974692
51 0.6628576695508704
52 0.6916394546270843
53 0.671613946195556
54 0.6831162888846323
55 0.698927580878423
56 0.6402714987872135
57 0.7077792748211946
58 0.7215980037434596
59 0.6467636894601755
60 0.6059192859943292
61 0.6884691654187417
62 0.6771411065361801
63 0.6962438008719711
64 0.6932650295472298
65 0.6727092509796258
66 0.6462894449562252
67 0.6859742573293258
68 0.6330004300675062
69 0.6523755762110209
70 0.6498440461805113
71 0.631321192221615
72 0.6300169412768339
73 0.6556062722536521
74 0.7133159520259349
75 0.6960583346488839
76 0.6542395129353088
77 0.6649975243365327
78 0.6535771469111654
79 0.6490460357727641
80 0.678465311674173
81 0.6674816293285307
82 0.6444806263585418
83 0.5850703173276761
84 0.643611119628589
85 0.6591746739677733
86 0.6278357973246934
87 0.6432197839091814
88 0.6359131100710187
89 0.6193613244819595
90 0.6655584788504305
91 0.648560578607552
92 0.660416870557585
93 0.6620394506443544
94 0.6923404946113983
95 0.725921186505734
96 0.6813008886109836
97 0.6761957011449933
98 0.6946588781217442
99 0.6334611408569372
100 0.6495436223642405
101 0.6653504325366555
102 0.7191877996610215
103 0.6764386514031855
104 0.6454143035824959
105 0.6887369920982321
106 0.6660142591991682
107 0.6963647186259354
108 0.7141744520119205
109 0.6825357165822357
110 0.7254997026599678
111 0.7149938515722308
112 0.6478909630484148
113 0.6151535332069318
114 0.672360360963661
115 0.6988447612591081
116 0.6879038307460248
117 0.6749683950994474
118 0.6522175439003225
119 0.6878276529969048
120 0.6701819910858227
121 0.6741096111725926
122 0.7254086455201978
123 0.6682045373883841
124 0.6906029083738453
125 0.7276729792921636
126 0.7335772316356686
127 0.7086089022252076
128 0.669102253488375
129 0.6661390512607583
130 0.7243550006241166
131 0.6948356224014925
132 0.7190165576888987
133 0.7249265348885136
134 0.6712625779408776
135 0.7220748772948126
136 0.7012138357970444
137 0.633896078594927
138 0.6671271976862744
139 0.686580383940443
140 0.657999471344705
141 0.6780083182335008
142 0.6652802787100808
143 0.6292183077609295
144 0.649284782246518
145 0.6110450107029384
146 0.6218730270203645
147 0.6605560294025875
148 0.6740353128801775
149 0.6763077595523334
150 0.6629978576338932
151 0.7226953874894819
152 0.7343812339073382
153 0.6942813222365902
154 0.6993736379950967
155 0.6919673952236031
156 0.6691029376938212
157 0.6649654510028955
158 0.6745123838595185
159 0.7057607083653908
160 0.6950773534297596
161 0.6602799630338005
162 0.6956118761463577
163 0.6726501325837279
164 0.7141120188593131
165 0.6624463624098931
166 0.6739432322581432
167 0.6661480058896591
168 0.7087084187236076
169 0.7020117597745241
170 0.7143540842909958
171 0.6685343771996594
172 0.7351834919276179
173 0.7325530031757213
174 0.7270360084248239
175 0.7365649987261403
176 0.6992880204807996
177 0.6835393519570533
178 0.6753562528212089
179 0.6635073661266137
180 0.6590316962973133
181 0.7001335945153349
182 0.7013937074341006
183 0.6858360611322685
184 0.6604426668567648
185 0.674149422370116
186 0.6885085812941873
187 0.6659284476094516
188 0.6975091280014811
189 0.6955133238610659
190 0.7048554000048252
191 0.6962351702141854
192 0.771691123770677
193 0.7113448739718281
194 0.7117785947711045
195 0.658906402371587
196 0.6602655224150018
197 0.6766472563025145
198 0.6758513521456712
199 0.6877937998198084
200 0.6910845877067366
201 0.6642494051799427
202 0.7213278069643256
203 0.7399521865773893
204 0.6996226044015315
205 0.7463488007144082
206 0.6878719932421666
207 0.7235334864846561
208 0.7334394085185975
209 0.708475471172172
210 0.7435015537188479
211 0.7356316204833598
212 0.7030500070174872
213 0.6839966462043595
214 0.6922825510983871
215 0.6731744907952626
216 0.7013020731091071
217 0.7242334819688401
218 0.6628706597431504
219 0.6624987991323031
220 0.7054398193109512
221 0.7128438082327115
222 0.6610128271058493
223 0.68117416877646
224 0.6833983278921587
225 0.7065253884952726
226 0.7301436169078019
227 0.7294469170668314
228 0.72665767902223
229 0.736703313748526
230 0.7428972587314411
231 0.7222188047075793
232 0.7266648069317654
233 0.6925931299913506
234 0.7299346323171805
235 0.685678776150593
236 0.6668834577274417
237 0.692070817276275
238 0.7234171347678915
239 0.69493529630837
240 0.7244955463454231
241 0.6763674460821373
242 0.672671564414947
243 0.6577877687312452
244 0.7289736702824108
245 0.6912499842867329
246 0.6884206404785871
247 0.6816329554445507
248 0.6760214035323213
249 0.7283335744446724
250 0.7551772094541603
251 0.7150385041026358
252 0.7298142420590747
253 0.7009794205996613
254 0.7109158244750233
255 0.6895990379016834
256 0.6326753581014758
257 0.7190766055075342
258 0.6561970298848752
259 0.6881568125979132
260 0.6705386150600351
261 0.687972479583712
262 0.688463462475733
263 0.7405010507083353
264 0.7102115250215943
265 0.699628392160766
266 0.7131925441101145
267 0.7350030533663694
268 0.7693483741463433
269 0.799845853163484
270 0.7480090809440543
271 0.7185276324417507
272 0.7090299648132954
273 0.6834069685789284
274 0.7303207202565399
275 0.7556054162253254
276 0.7319276024292724
277 0.7525207905437763
278 0.716413381295051
279 0.6658114169340206
280 0.7048201135018232
281 0.6621387331963112
282 0.6664878704892555
283 0.6655390395003402
284 0.7043383344654081
285 0.7507759914440694
286 0.6964256238361639
287 0.6905909437399542
288 0.7226725244642003
289 0.7624264818924629
290 0.7452883171954222
291 0.7416601822821928
292 0.7050320096645408
293 0.7633729170035468
294 0.7634063410836103
295 0.7471851844117853
296 0.7098523292342663
297 0.751478084014692
298 0.6727765014252332
299 0.6979842659200085
300 0.7161239079864161
301 0.7290880446605624
302 0.7333639150164251
303 0.7086951412102206
304 0.6931717506883643
305 0.7686463179912547
306 0.7317332359028786
307 0.7252027467997785
308 0.7274871835087983
309 0.7609260466297649
310 0.7654955136179137
311 0.7502108797406534
312 0.7741259365269849
313 0.7504846151984097
314 0.725690536519706
315 0.8163512900168776
316 0.7685905407814759
317 0.7409491423165419
318 0.7161466030642915
319 0.7391702011480418
320 0.7643891791630283
321 0.7263981605369974
322 0.7753149787084211
323 0.7489082897999745
324 0.765186168437869
325 0.7878500515185338
326 0.7669120087827105
327 0.7505800206308756
328 0.7596246664725881
329 0.7310487583983515
330 0.7424770645564297
331 0.7563077592448534
332 0.7695502408249343
333 0.7575499678936211
334 0.7607196007157135
335 0.7804979416588261
336 0.7176391030547097
337 0.7105554176931732
338 0.7325343013562602
339 0.7698859763108327
340 0.7679055814904855
341 0.6954880278470299
342 0.7006279177975243
343 0.7297175635490935
344 0.7279280205812697
345 0.7277451224343783
346 0.7287385597651204
347 0.7933439875478772
348 0.7504832375051752
349 0.7814512249970056
350 0.7986254431461923
351 0.7160874811081829
352 0.7657091726754269
353 0.7756831540773033
354 0.7015628859916295
355 0.7083139046649817
356 0.7503020443620073
357 0.7445865694239295
358 0.7635857633116301
359 0.7157557058807288
360 0.7228138069023688
361 0.7507351522024973
362 0.7526523100090077
363 0.7511025192920008
364 0.7607928311619895
365 0.7530540223458791
366 0.7688549393444769
367 0.7354564543110474
368 0.7404083049699056
369 0.7664127194515788
370 0.7700045483761677
371 0.7293289552462788
372 0.7236088221083021
373 0.7309108343175954
374 0.6843140341179261
375 0.7041440162366626
376 0.7973772551280469
377 0.7468764348030882
378 0.7139654478910827
379 0.7441115854063952
380 0.7451395357234709
381 0.7179043731503879
382 0.79930700284642
383 0.7735492669740998
384 0.7412480572182555
385 0.8051042850272756
386 0.7297659681236668
387 0.7380077149546191
388 0.7315740430984995
389 0.7532420453031504
390 0.7737648325854507
391 0.7556610130759903
392 0.6943086832520524
393 0.7314084472950768
394 0.7328021676349594
395 0.732634563933985
396 0.7387143028233568
397 0.7770894964723112
398 0.7707911629583486
399 0.7436026361117227
400 0.7661604871222167
401 0.7636550461038014
402 0.7358974991035189
403 0.7183737693914003
404 0.7643302539914099
405 0.7276327550932206
406 0.6876123806230235
407 0.74174682906195
408 0.7667916657485052
409 0.7973339470798843
410 0.7897264734756413
411 0.7893749674049986
412 0.7945641731603239
413 0.7331971389427833
414 0.7558540709873723
415 0.7670323022753357
416 0.7964645719737738
417 0.7755465454659115
418 0.7360082286715413
419 0.7285964239546301
420 0.7484399583582568
421 0.7063486356288199
422 0.7274315431977105
423 0.7355118819956031
424 0.7488223915327272
425 0.7680324384600064
426 0.7693545471542518
427 0.7679346542655747
428 0.7836084004157879
429 0.8003394209851064
430 0.7841564246189653
431 0.7310521680630648
432 0.7330106313953583
433 0.7120775319609736
434 0.735377136262185
435 0.7300622036035818
436 0.7375798327012447
437 0.7282439891803084
438 0.7541641355771393
439 0.7738014803899925
440 0.7584602517433927
441 0.7766588415939677
442 0.7750024920148045
443 0.7190657681223328
444 0.7339301562389945
445 0.7118024130912686
446 0.7511211154836223
447 0.6892506638997772
448 0.6372152858535703
449 0.7214679934774643
450 0.7103798454610313
451 0.7920524518810559
452 0.7331473505422936
453 0.7865999595307537
454 0.7904302924640082
455 0.7437666190730329
456 0.7236620204964872
457 0.7821571638010765
458 0.8201961010936611
459 0.8058207854404005
460 0.8281243752006042
461 0.8377844624753895
462 0.7525275037192098
463 0.7451186106009782
464 0.6910859262612212
465 0.6682021131456283
466 0.7208778370322472
467 0.7537934511709278
468 0.7415497663910564
469 0.7556750417008381
470 0.7609621101729602
471 0.7701686639635865
472 0.7326389219920375
473 0.752933023448343
474 0.7806837245739389
475 0.7736223995745926
476 0.7494318716909089
477 0.6751454816246469
478 0.710074773609358
479 0.6982574945366298
480 0.7352682575629277
481 0.7180949019949818
482 0.7381028095798626
483 0.774212563136051
484 0.7632084407304741
485 0.7298796441144113
486 0.7206727514763196
487 0.7093527785880588
488 0.6940446159596394
489 0.6888082767356749
490 0.6556313395116119
491 0.7411592599452799
492 0.7271593232976252
493 0.7357668698552989
494 0.7673014662941284
495 0.7023338163689904
496 0.6528870220274859
497 0.6522974214088225
498 0.6983230765067117
499 0.6977321365899145
500 0.7025095957983177
501 0.7113885958347232
502 0.7311752713236853
503 0.6517857272242492
504 0.6654714012399678
505 0.7161099587182133
506 0.6636521701554944
507 0.6730106751354574
508 0.6860749129015923
509 0.6814160586278152
510 0.6645467891573168
511 0.6306871392547183
512 0.6851054838454554
513 0.7214825318924294
514 0.7145582632817081
515 0.7128582607307679
516 0.6840564897643666
517 0.7171994883632354
518 0.6888754111088146
519 0.7235261804789022
520 0.7434857636983739
521 0.7189372748286301
522 0.6985127664444688
523 0.7182297337613656
524 0.6848659979938801
525 0.6655110816903468
526 0.6960844551217861
527 0.6814108683532496
528 0.695277036614337
529 0.645404745897255
530 0.6788545661064521
531 0.7300923588114879
532 0.7575976568510443
533 0.7483770947305827
534 0.7753653758183691
535 0.7324958098300938
536 0.7482361120914629
537 0.755174797123948
538 0.7520551197734998
539 0.6897784760418578
540 0.7274450065198214
541 0.6762664556709455
542 0.6261778598486508
543 0.727804803629852
544 0.7187753566845337
545 0.687172361396114
546 0.693404622953381
547 0.7078157415979143
548 0.7189608922544182
549 0.7329885182679857
550 0.7262925969597093
551 0.7130381931773493
552 0.7399601369670653
553 0.7211319955954216
554 0.7383895655220953
555 0.6582018077395496
556 0.7040306523678627
557 0.6661784057293001
558 0.6963624676155747
559 0.7082508524027209
560 0.7298722918052652
561 0.7622364897469612
562 0.712515439460826
563 0.6620315586528233
564 0.6675332030044611
565 0.7552553551144655
566 0.6880455130653792
567 0.6811336389999677
568 0.6825420757167591
569 0.7723966932594968
570 0.7406849389554442
571 0.7028012273954546
572 0.7158335590340192
573 0.7438444209362747
574 0.7186461837394518
575 0.7570399135795945
576 0.7684617218281385
577 0.6973444871112988
578 0.7426670856913045
579 0.7283770675395158
580 0.6968650485136745
581 0.697318794668485
582 0.683184440711137
583 0.6556737597692484
584 0.6833535128497453
585 0.704671618740428
586 0.6738721085779088
587 0.6966893172886899
588 0.6623657905429803
589 0.7360183302776369
590 0.7399116705807107
591 0.7267936886278544
592 0.7580964192543597
593 0.7038323343984427
594 0.7540334746783453
595 0.7596869534074545
596 0.7355650339452802
597 0.7306929352267995
598 0.7140523134626683
599 0.7421729853941593
600 0.7465778340405632
601 0.794976863117432
602 0.7852067518354967
603 0.7341492639095177
604 0.763248227693488
605 0.7331188463426999
606 0.7217588903638567
607 0.7187718079658592
608 0.7519140727966235
609 0.7284336527507209
610 0.7677153956109655
611 0.7293902381598079
612 0.6876802022625259
613 0.7159786018949384
614 0.786039125604814
615 0.7535328824456049
616 0.687532700340444
617 0.7004999121327505
618 0.7038955648588585
619 0.6864695562835555
620 0.7276919272783883
621 0.7280051042538034
622 0.7295068463579932
623 0.7442445844749987
624 0.7490260202159479
625 0.7209705984797421
626 0.732725205811702
627 0.7353433220023358
628 0.6565693027651004
629 0.6449397159192349
630 0.6061306000467891
631 0.6844875507860597
632 0.6878197220448748
633 0.628409690287938
634 0.6845417466061504
635 0.6915770369137882
636 0.7216231460106141
637 0.7157666174490038
638 0.7025099172041555
639 0.7262193127997242
640 0.7278722750380724
641 0.7313781179076755
642 0.7098998283329562
643 0.7194280174475212
644 0.6672026588336766
645 0.6389606425100318
646 0.691599949914334
647 0.6479372599956784
648 0.7098464113793507
649 0.7416525238991598
650 0.7277055710529844
651 0.7241000764356429
652 0.7052871624957255
653 0.6876195828209771
654 0.7053608734223011
655 0.6510639324171237
656 0.6250774094725439
657 0.6949107447898286
658 0.6500505855201562
659 0.7175847795399085
660 0.7447025835604374
661 0.7409072995347676
662 0.7099150529696643
663 0.6813398164517649
664 0.6820124468046218
665 0.7084490022149044
666 0.7218610909607897
667 0.7044763835700849
668 0.6873144910222115
669 0.693832113850673
670 0.6020439981301131
671 0.6254912109786656
672 0.6618364124024927
673 0.6279333959468161
674 0.6558554009293964
675 0.7045578101323438
676 0.7768404350865551
677 0.6671394711422509
678 0.6916731244574147
679 0.7091426467355206
680 0.7504290676259149
681 0.6803846804129158
682 0.7287695774262634
683 0.7494857380023252
684 0.7678013318339043
685 0.724166103865396
686 0.7744097559448423
687 0.7441503359949033
688 0.7031145215332884
689 0.7473556321685987
690 0.7346638979582941
691 0.7083189614380234
692 0.6781408648613914
693 0.7191986706327169
694 0.7431302413344923
695 0.7134608942536396
696 0.7224029069296689
697 0.7190455929169466
698 0.6801666085204012
699 0.7180402598427226
700 0.7691377780017041
701 0.699263004490438
702 0.6947621983169846
703 0.7530268230796999
704 0.7075996845452633
705 0.7407920267980912
706 0.7086160607730667
707 0.7023485079818115
708 0.71747946004143
709 0.690288599803712
710 0.7702432759601295
711 0.7229533572777542
712 0.7813581642412898
713 0.7364187338468591
714 0.6929145129024635
715 0.7023148520769902
716 0.6941778892054209
717 0.6925334248259685
718 0.7465507741458606
719 0.7260760391585954
720 0.7301349221572278
721 0.7218257119219504
722 0.7263748863184841
723 0.7268491222214212
724 0.7255711288748228
725 0.7230378572731876
726 0.7034185560701407
727 0.7123745000564822
728 0.7350402558152008
729 0.7306462278183655
730 0.6966454658195986
731 0.7138702200981917
732 0.740887217671182
733 0.7570167628980635
734 0.7970728451807801
735 0.7399736171833918
736 0.7664805775469878
737 0.7201760095232834
738 0.717303813367228
739 0.6836048755096905
740 0.7002245102504543
741 0.643778972446354
742 0.6406645879667129
743 0.6463824947489889
744 0.6587606753270704
745 0.686092638570813
746 0.7181356783833317
747 0.7020746963495522
748 0.717603051582266
749 0.655499667425723
750 0.6599928010217954
751 0.6300543160552196
752 0.6625934447375339
753 0.6652449603957251
754 0.647707108272843
755 0.6955599705964566
756 0.701219101711801
757 0.7037569831003664
758 0.705778053802057
759 0.6864929900009292
760 0.7477277414727286
761 0.7144477348270819
762 0.6794365740438455
763 0.6992922518682191
764 0.6908767200502723
765 0.6324515864453261
766 0.6969105604466536
767 0.7430512226470257
768 0.7280897082051383
769 0.7294334951607166
770 0.7002208914261715
771 0.6551815835042802
772 0.7316589173083866
773 0.7188381965242973
774 0.6838617474015386
775 0.7189973324271576
776 0.7129420490617561
777 0.6495202717967703
778 0.6593782065620176
779 0.6822204216156935
780 0.6374088477944393
781 0.6558100785105535
782 0.7218663312271757
783 0.7347556437757428
784 0.6662438027055891
785 0.723813295289978
786 0.6953600370074839
787 0.6552376682745966
788 0.6626485613172933
789 0.663390633671306
790 0.6997015113371943
791 0.7366310358327475
792 0.7164958018744566
793 0.6639278577366862
794 0.6829253783764797
795 0.6802912177763953
796 0.6399494218154639
797 0.6878869559363896
798 0.7018698394138738
799 0.6890230981363769
800 0.7137862921911119
801 0.716232199433218
802 0.6976196814309243
803 0.6706675394017093
804 0.6411579591615727
805 0.6761555590313109
806 0.7082417824000322
807 0.7504482804074383
808 0.7064738377371449
809 0.701845777944174
810 0.6930040052838851
811 0.7244054311771941
812 0.6828778227809448
813 0.6237583776963269
814 0.6229231683972678
815 0.6531514685858218
816 0.6798751872693783
817 0.6661549305201265
818 0.6430615284404847
819 0.6794694607137762
820 0.6642204109660986
821 0.6712233248742026
822 0.6438085246016481
823 0.6793930672593855
824 0.6519779410442971
825 0.6341791421946783
826 0.6584870418963298
827 0.6450166926614748
828 0.6064244944318242
829 0.6510145393835183
830 0.6235167531331993
831 0.6092558010844068
832 0.5992901681813116
833 0.6640807811535372
834 0.6611687380819211
835 0.6318893705646635
836 0.6487262009123711
837 0.6291110090378358
838 0.6486130554586679
839 0.6516388128843791
840 0.6528158592624922
841 0.6319392638636134
842 0.6111948017318434
843 0.566738984888826
844 0.6342644616205129
845 0.598958169083381
846 0.5737050365228988
847 0.6061801571926995
848 0.642892275443502
849 0.6251908062148153
850 0.6039909571246196
851 0.624493954200707
852 0.6503392586361221
853 0.6046894062238511
854 0.6146805990138108
855 0.6976399484539327
856 0.5994981331751215
857 0.6751904334427065
858 0.6760961647601438
859 0.6403508209669891
860 0.670248094192444
861 0.6983421019702312
862 0.6896839981224956
863 0.7132992643629165
864 0.7161290411885541
865 0.6950406783741427
866 0.6935870713329387
867 0.6389211290305077
868 0.6948181270279277
869 0.7078524262053171
870 0.698586993344203
871 0.738125200807538
872 0.7234799944645025
873 0.7231539636275706
874 0.7021951425717734
875 0.7240014524198756
876 0.7060039100913899
877 0.7015697336879682
878 0.7477554789304439
879 0.7442833720109353
880 0.7809391256222403
881 0.7825022298402351
882 0.7763936274478724
883 0.7328387503990385
884 0.7479029817867613
885 0.7628287713948007
886 0.7350333961200904
887 0.6712808030026052
888 0.6812798710490438
889 0.7281595013018027
890 0.7287819233682824
891 0.7387112874535018
892 0.702009105831366
893 0.7273767956019332
894 0.7120249739689473
895 0.6881842660456056
896 0.7227833055210182
897 0.7739195315201591
898 0.7452449624028619
899 0.7103646321468262
900 0.7043814012467188
901 0.7283947790680889
902 0.6805354369661116
903 0.7120018302055005
904 0.7469449922758461
905 0.7454033775787542
906 0.6977952960738585
907 0.6726691881459549
908 0.6257479961206056
909 0.6941209053422126
910 0.6198464945274095
911 0.6641079390937057
912 0.6952266818210404
913 0.6685022368893507
914 0.6446426580601395
915 0.6739793104892433
916 0.6677899679497067
917 0.6624997377814948
918 0.7290390012873824
919 0.7158122354033839
920 0.6643094515260074
921 0.6636393479520244
922 0.7217872375265822
923 0.7129242186726527
924 0.7107346600165511
925 0.7291387486118376
926 0.6799797355112944
927 0.647367020709668
928 0.6765792647708365
929 0.6319668924102427
930 0.6925875883791888
931 0.6647076599591429
932 0.6376980498511783
933 0.6800311992629008
934 0.7021468046898686
935 0.6688613379381727
936 0.7167203564127768
937 0.6684468902733461
938 0.6860230908095959
939 0.7338854690249432
940 0.7554760639494742
941 0.7217984469202438
942 0.7349651010600966
943 0.7047458163795638
944 0.7394905633699335
945 0.7914804661587458
946 0.7592695906500851
947 0.686698809707209
948 0.6997000734267926
949 0.697938628455306
950 0.6783248492908772
951 0.666273743046403
952 0.6958065951637938
953 0.6762471250209388
954 0.6889528956433492
955 0.6918861126299197
956 0.747848341724803
957 0.7014028828006981
958 0.7218963936767337
959 0.6877927551667061
960 0.683174664111252
961 0.7076673034544104
962 0.6561218270213728
963 0.7010862026743285
964 0.7175109632511552
965 0.6803588165743151
966 0.6668612680567141
967 0.6900587930789612
968 0.7275873992137127
969 0.762696896386659
970 0.7629422733496476
971 0.6773317968106395
972 0.6772701715443921
973 0.6829601108163941
974 0.6931736228604943
975 0.6978921125455821
976 0.6745454770882062
977 0.7316755311103446
978 0.7305060719389389
979 0.726470638143023
980 0.748535614705569
981 0.7605945592302237
982 0.7295965750332125
983 0.7008414525220669
984 0.6794698116208313
985 0.6955109286730706
986 0.6927329439489509
987 0.6735344978594937
988 0.6875273363977079
989 0.6680057028187417
990 0.5865628346791881
991 0.6761083061594472
992 0.6339376066193679
993 0.6935818761137381
994 0.6710536871598882
995 0.6673694826070289
996 0.6881644649748914
997 0.645601251630561
998 0.605596169353019
999 0.6509541991350452
1000 0.6489483608293061
1001 0.6891888511195119
1002 0.7038895558034555
1003 0.6828259408603097
1004 0.6633634390671537
1005 0.6348601534199927
1006 0.5854791807047409
1007 0.6517540585832614
1008 0.6091967098520795
1009 0.6273904447331382
1010 0.6437635915752891
1011 0.6626653474905152
1012 0.6493614414678356
1013 0.6732508662461819
1014 0.6534877705362051
1015 0.6419314632175477
1016 0.6465576166847459
1017 0.6607018498800964
1018 0.6053636990865844
1019 0.6296986033269011
1020 0.5970466269501362
1021 0.5637453172299154
1022 0.5252481619464424
1023 0.6086542326821691
1024 0.5369377214058042
1025 0.5617558133843019
1026 0.5988332536334803
1027 0.5691609620877157
1028 0.5447445566465106
1029 0.539902287499781
1030 0.5085013507697005
1031 0.569763037173514
1032 0.5321311192142418
1033 0.5149842775268609
1034 0.4850078356548698
1035 0.530647417098514
1036 0.556336763991234
1037 0.5497193941434435
1038 0.5732180733797505
1039 0.5537866030040336
1040 0.5201731205668491
1041 0.4941557887860355
1042 0.5234364658600935
1043 0.5311629464184263
1044 0.5070186988015722
1045 0.4834366925320737
1046 0.4746713867965131
1047 0.510033641377084
1048 0.5561232781429911
1049 0.5234089054103014
1050 0.5562163335271612
1051 0.5269067885539428
1052 0.5266899941248956
1053 0.531751526922834
1054 0.5222293252099671
1055 0.541016782248513
1056 0.5549828752255456
1057 0.588041666454606
1058 0.5623775302302085
1059 0.5692671262807486
1060 0.6154640747664505
1061 0.5691426160696302
1062 0.5578028527600347
1063 0.6385799991077792
1064 0.6335090369662032
1065 0.6658683579929824
1066 0.6351877703889071
1067 0.6323968745237578
1068 0.6786024435745511
1069 0.6665271837831641
1070 0.6253075371314407
1071 0.6659501691760988
1072 0.6984404821266622
1073 0.6969642543300659
1074 0.6845303215891829
1075 0.680674185419322
1076 0.6538238015673785
1077 0.724216917934246
1078 0.672433916783598
1079 0.7363026413765769
1080 0.6915272656999357
1081 0.6659343746590376
1082 0.6959505444000652
1083 0.6784388341475543
1084 0.6421965007730822
1085 0.6883948216760521
1086 0.7385279195247371
1087 0.6101589421897744
1088 0.6759680613609828
1089 0.6513554151411688
1090 0.6898255808714697
1091 0.7238512086939308
1092 0.7329194225895592
1093 0.6571043159255161
1094 0.6807260940956484
1095 0.7056333635994485
1096 0.6969634904811004
1097 0.6925786572740809
1098 0.7146225954959583
1099 0.6773175792930048
1100 0.6499607180399223
1101 0.6766592231876152
1102 0.6852612405531595
1103 0.6846057445961609
1104 0.6775062883257236
1105 0.6731555916392328
1106 0.6369199992662955
1107 0.6409647282472284
1108 0.695312008495438
1109 0.6747857417435097
1110 0.7054304505886679
1111 0.6817622541925948
1112 0.6016489484497951
1113 0.5948605042787911
1114 0.7151918830466881
1115 0.6810265967773007
1116 0.6654772323769769
1117 0.6619055034109241
1118 0.6824922198211424
1119 0.6916258434331845
1120 0.6844937157332517
1121 0.6540453111687747
1122 0.6659633534303546
1123 0.6800558441160663
1124 0.6306520179151195
1125 0.628171967537214
1126 0.6580582018831126
1127 0.6489220699250988
1128 0.7018396890984825
1129 0.6779105215815011
1130 0.6858927223803281
1131 0.6369051760825646
1132 0.6883318253307661
1133 0.6587541605390149
1134 0.6895660981328278
1135 0.7095788602267481
1136 0.703070454539651
1137 0.6962690757362969
1138 0.7264543649608229
1139 0.6722176589423282
1140 0.6423290572866656
1141 0.6988940843897253
1142 0.7301167074602612
1143 0.6897127246905284
1144 0.6740891699728472
1145 0.6898057480786278
1146 0.6745364272702606
1147 0.6859060601506473
1148 0.6790415362639749
1149 0.6594031527935031
1150 0.671510453328305
1151 0.6621078971841121
1152 0.6837198549827689
1153 0.6936255060995713
1154 0.6943817549827708
1155 0.6475018236113353
1156 0.6373027122384556
1157 0.6344955270863274
1158 0.6777192556146558
1159 0.6758684260690605
1160 0.6767629683900754
1161 0.6563072224242525
1162 0.6745626221882293
1163 0.6957572509658911
1164 0.6620421111633524
1165 0.6855421895651002
1166 0.7033633768046456
1167 0.6859769755811697
1168 0.6740697396892782
1169 0.6745138717243256
1170 0.7012182361735303
1171 0.7332649572263241
1172 0.7348794072449469
1173 0.6712684394200548
1174 0.6967512039284306
1175 0.6625127842207522
1176 0.6947602777465568
1177 0.711734894474676
1178 0.6504915316944273
1179 0.658671390081246
1180 0.6789531242881155
1181 0.6814792329412775
1182 0.655451628959646
1183 0.6592124458488159
1184 0.6191367163459061
1185 0.6441017163896896
1186 0.6589708433390733
1187 0.6409836778442515
1188 0.6726215487791297
1189 0.6586525111461056
1190 0.628089255737302
1191 0.5908368368585832
1192 0.589965835964755
1193 0.6189484543038557
1194 0.6304176852384488
1195 0.5686469864982291
1196 0.6127316708074702
1197 0.6284607680504056
1198 0.6384567383481045
1199 0.5707580196864545
1200 0.5883612973828467
1201 0.5851194333600102
1202 0.6127373447795779
1203 0.6269883056179055
1204 0.6393537269828924
1205 0.6382917241993621
1206 0.5746052609068044
1207 0.6070978616923464
1208 0.6283046736389429
1209 0.6052886019813027
1210 0.5927951992746098
1211 0.6309029952649756
1212 0.5900383677550157
1213 0.6001330336344275
1214 0.6265743680131041
1215 0.5936040579350358
1216 0.5876496515999485
1217 0.5990362241277118
1218 0.5968841249283736
1219 0.5899945201246108
1220 0.5736199311543992
1221 0.5718619059399646
1222 0.5978097372224671
1223 0.5837044102937827
1224 0.5999858669520496
1225 0.6018182027042348
1226 0.6160963224232898
1227 0.6521256620221656
1228 0.6347428280145851
1229 0.5990183479075643
1230 0.6067865331774184
1231 0.5312062333469936
1232 0.5217178856757404
1233 0.5742866289221545
1234 0.5440521287265695
1235 0.5814282543542533
1236 0.5790070961723799
1237 0.573563636316255
1238 0.6045002490955715
1239 0.6382215901778936
1240 0.62696365285644
1241 0.5772256220902411
1242 0.5476875838351927
1243 0.5489265142731141
1244 0.5566523791879893
1245 0.5689850543663098
1246 0.6304399864625693
1247 0.6287000814307605
1248 0.626662360365735
1249 0.653167596862276
1250 0.5972007885173881
1251 0.6197710841479026
1252 0.6391712612177333
1253 0.6199652152779441
1254 0.5881887124367965
1255 0.649320194996163
1256 0.6450645683388915
1257 0.6188321211289376
1258 0.6454058601901639
1259 0.617383559906213
1260 0.6097819022688643
1261 0.636893393555717
1262 0.5888997057729646
1263 0.6523630072121097
1264 0.6372247000952723
1265 0.6661499089445959
1266 0.6354565560496365
1267 0.606218929358499
1268 0.6040051225453353
1269 0.6646595407474267
1270 0.5964629309786049
1271 0.58364788118718
1272 0.6317982516876736
1273 0.6036985727272836
1274 0.6066681170783109
1275 0.6508739775228345
1276 0.6044129959497311
1277 0.6184519023152998
1278 0.6104012772165582
1279 0.6324858646683253
1280 0.6368218075858337
1281 0.57301315228345
1282 0.5587035336204325
1283 0.5874145495956433
1284 0.6254961074338088
1285 0.6071074562652768
1286 0.6207369494562922
1287 0.627628666043095
1288 0.6227262529043169
1289 0.6212616774305595
1290 0.595809156903386
1291 0.6332779353916834
1292 0.612836803521646
1293 0.6526724433938422
1294 0.6816119712622651
1295 0.5815832381000919
1296 0.6023648464292287
1297 0.6214873297364418
1298 0.6443078513925584
1299 0.6167626903372827
1300 0.604310362556124
1301 0.6382453856280196
1302 0.5952907913527075
1303 0.6462544607143862
1304 0.6454131969997233
1305 0.66740621223017
1306 0.6400341967947089
1307 0.6078953263044369
1308 0.6632879927553964
1309 0.6263462066188493
1310 0.6961954567851814
1311 0.7021779924085766
1312 0.6938100293254391
1313 0.6736480361202639
1314 0.677128506660791
1315 0.666552753784081
1316 0.679767942662322
1317 0.6551133899711863
1318 0.6568492520589265
1319 0.6909687104233337
1320 0.6939315422521947
1321 0.6656577997451011
1322 0.6965832990634293
1323 0.6489800884519699
1324 0.630066723449857
1325 0.5851037425824147
1326 0.5885332573625534
1327 0.657715666063122
1328 0.6322053005698095
1329 0.638977578815614
1330 0.7192651678124417
1331 0.6721690611828612
1332 0.699999876750519
1333 0.7485903775646521
1334 0.7193807042005994
1335 0.7491640300662787
1336 0.6341369307393657
1337 0.6975721605224976
1338 0.7093923511308856
1339 0.7149015386111904
1340 0.6840849994855205
1341 0.6756286827008534
1342 0.669013610978565
1343 0.6267861844868549
1344 0.7115363323996329
1345 0.724974559580118
1346 0.710656187020521
1347 0.6976381758914659
1348 0.6765046130287898
1349 0.6645889467583279
1350 0.7008074137681527
1351 0.6700825093124538
1352 0.6843394912567358
1353 0.6648628284978213
1354 0.6794225377942849
1355 0.6741495896982669
1356 0.6580359662055326
1357 0.6659431395843423
1358 0.6634397322035076
1359 0.7078501107778233
1360 0.7137281517175981
1361 0.609765680632955
1362 0.7205682123900985
1363 0.6900547762741452
1364 0.6772136816727015
1365 0.6700811533673959
1366 0.657677850326507
1367 0.6403240661041714
1368 0.6600792140816439
1369 0.625025618598253
1370 0.6610784660195645
1371 0.6505746347474887
1372 0.6192128684381837
1373 0.6427136985589763
1374 0.6756730545598121
1375 0.605869443183837
1376 0.6104203909065837
1377 0.7017921347873158
1378 0.6831147206432022
1379 0.6777424374171563
1380 0.7214064312245483
1381 0.7298584827525084
1382 0.6958441928325676
1383 0.7240329660945031
1384 0.7637837667437958
1385 0.7129996792132093
1386 0.7171270998329503
1387 0.677517337604052
1388 0.6970952814574991
1389 0.7099994125525332
1390 0.6615097125482073
1391 0.6578202558114274
1392 0.6876366665380559
1393 0.6361175913330568
1394 0.6151172861071812
1395 0.5853733674845707
1396 0.5804418121251121
1397 0.5970479705581063
1398 0.6419100217877194
1399 0.6112454904758353
1400 0.6469522743537865
1401 0.6513299873832213
1402 0.6744854572410774
1403 0.6913211462654567
1404 0.6502354987641723
1405 0.6342684245749712
1406 0.612455223048935
1407 0.6385442127766694
1408 0.6441470499214969
1409 0.659298783820717
1410 0.6175923986864705
1411 0.6546562077674067
1412 0.6500086711052657
1413 0.6484227974597461
1414 0.6675231158826784
1415 0.607833051409521
1416 0.6193993628652985
1417 0.6528366782425734
1418 0.6612811741874807
1419 0.7358668217237831
1420 0.7299596862120604
1421 0.7475646041465452
1422 0.674087372234884
1423 0.7284176094602731
1424 0.6934542151942388
1425 0.6244631358744097
1426 0.6713436574693392
1427 0.6432863833202006
1428 0.6357986174820266
1429 0.6685419192706763
1430 0.6495246724672465
1431 0.671976872103222
1432 0.6423809884326611
1433 0.7005372568749415
1434 0.6779062851375504
1435 0.6753783964727974
1436 0.6572126851958874
1437 0.650179763404882
1438 0.6549143692289086
1439 0.665980521028242
1440 0.667759739948974
1441 0.6193041078272675
1442 0.6797916622753707
1443 0.6778654706448448
1444 0.6540580876856126
1445 0.661779415229315
1446 0.686907915660505
1447 0.6366963354655728
1448 0.6128266953810187
1449 0.5662550242596199
1450 0.6531603980539508
1451 0.6685346171933751
1452 0.6303201233601446
1453 0.6552743275043638
1454 0.6676965514613359
1455 0.6682513488893528
1456 0.6587878979584849
1457 0.6588250855095553
1458 0.6591750408250076
1459 0.6991381874143356
1460 0.6616100495434165
1461 0.7038366778623839
1462 0.6875091253333268
1463 0.6432007635815293
1464 0.650548013113196
1465 0.6474274268190472
1466 0.6856049121040908
1467 0.6672058804015534
1468 0.6523919934989953
1469 0.6246094353394429
1470 0.6544422697065584
1471 0.639440055411375
1472 0.5948742311579053
1473 0.6350705674640199
1474 0.6590867816990265
1475 0.6924623284486434
1476 0.7209159620166686
1477 0.7018147794899181
1478 0.6602394068979552
1479 0.68015986419247
1480 0.7129762197704249
1481 0.6222512316346029
1482 0.6330638683206126
1483 0.6485168178034216
1484 0.6558021073684643
1485 0.6378381212729228
1486 0.656255283026737
1487 0.6580383116980884
1488 0.6807915682882166
1489 0.6746047316141042
1490 0.6843222733220213
1491 0.6827601677473613
1492 0.6786908639879813
1493 0.6142167239139793
1494 0.6697916684515235
1495 0.621563010297551
1496 0.6501387717279851
1497 0.6398218043055214
1498 0.6252292379631994
1499 0.5887084975862082
1500 0.6531609582428761
1501 0.6157328936517841
1502 0.6864748288451554
1503 0.6694720744862646
1504 0.6688756743875501
1505 0.6449564565318867
1506 0.6138474039655608
1507 0.6175775573456672
1508 0.6149876810246361
1509 0.5530778677288543
1510 0.5939528726750467
1511 0.616134392498337
1512 0.5998113355844349
1513 0.5821621542962933
1514 0.651121901141017
1515 0.661148700145287
1516 0.6849482473613905
1517 0.6696316500167354
1518 0.7220336293440529
1519 0.6942481826975773
1520 0.6629202998028875
1521 0.664845872085316
1522 0.6585801602972842
1523 0.6734456289804419
1524 0.6757773223934548
1525 0.6977330998158427
1526 0.7376127742540592
1527 0.7206989494700997
1528 0.7306903487947206
1529 0.7684833092200227
1530 0.6767111005937896
1531 0.6628610603160862
1532 0.6746737744954647
1533 0.672476031606293
1534 0.7029023317068621
1535 0.7110077009023067
1536 0.6961900540907243
1537 0.6841785337580633
1538 0.6744284145958229
1539 0.7114653672929111
1540 0.7392481144317995
1541 0.6844912114774033
1542 0.6645984178215659
1543 0.6419501143113108
1544 0.6483238246615243
1545 0.6629984579915152
1546 0.6793347488554277
1547 0.6765663128084828
1548 0.7314228663346337
1549 0.6930921488899909
1550 0.6530213086485606
1551 0.6686903862920068
1552 0.6992027345389752
1553 0.6595485516943438
1554 0.6656266029295896
1555 0.6742797409938439
1556 0.6632294722410949
1557 0.6970178394705768
1558 0.682546498575115
1559 0.7445970000281689
1560 0.6757424731114005
1561 0.6597761763050827
1562 0.7027439112219871
1563 0.7101221447785031
1564 0.6874292907247616
1565 0.7080481798584667
1566 0.6921073056136815
1567 0.6577783651907467
1568 0.6660606707809293
1569 0.6868532751777281
1570 0.6741388401813282
1571 0.7086285010614013
1572 0.7444317986797055
1573 0.7461278289188569
1574 0.7101903000560685
1575 0.7063659772200128
1576 0.6741003515128189
1577 0.6653300734721218
1578 0.6809192158152736
1579 0.6717941324206029
1580 0.7042073300300268
1581 0.6784398867766133
1582 0.7048331177363706
1583 0.745120253430343
1584 0.6957698928054473
1585 0.7104288222355811
1586 0.7372215341730898
1587 0.7354675538397752
1588 0.7013703763553087
1589 0.6920847244183079
1590 0.6898174997172546
1591 0.6132188575615553
1592 0.6087381578322602
1593 0.6136784119593427
1594 0.6527939386032086
1595 0.6536553074791078
1596 0.6672159916716046
1597 0.6641994239285671
1598 0.6564484347208096
1599 0.6912665757992714
1600 0.7121581253621813
1601 0.7186190822991473
1602 0.6562286819399868
1603 0.6678429171067667
1604 0.6475916938807369
1605 0.6448443284013213
1606 0.6732237003234717
1607 0.6514313948001113
1608 0.6479549159592886
1609 0.6827726722348177
1610 0.6572569934057902
1611 0.665621283837351
1612 0.6678551462286575
1613 0.6411571703895567
1614 0.6384479968537393
1615 0.6753797182821322
1616 0.6275207952826619
1617 0.6621565387098617
1618 0.6353823982411717
1619 0.6123445218983252
1620 0.6457309548360834
1621 0.6590249943728588
1622 0.6429210436222041
1623 0.6593885816172184
1624 0.6884451809308233
1625 0.6419976160195979
1626 0.6249701355435727
1627 0.621870959316761
1628 0.6253809733484467
1629 0.6708824935804978
1630 0.6235211733428734
1631 0.584578860435988
1632 0.5925041952609426
1633 0.6127498051768776
1634 0.6433543760144254
1635 0.6200144497464715
1636 0.6343972788226067
1637 0.6152601265913862
1638 0.6223637036427271
1639 0.6495095986942949
1640 0.6424248368383972
1641 0.6480449782943312
1642 0.6367838501051591
1643 0.6083724933298451
1644 0.6329093217366245
1645 0.6175770666831873
1646 0.6333226647669222
1647 0.6504176286277751
1648 0.633822683805127
1649 0.644820392816317
1650 0.5879341571654784
1651 0.6365771037536767
1652 0.6504765204491649
1653 0.64592260979411
1654 0.6682681053322418
1655 0.6168887929823935
1656 0.6343832110013949
1657 0.6595685022689983
1658 0.6738263878566713
1659 0.7252422180303911
1660 0.6592290033899895
1661 0.7063664472870353
1662 0.6525047646752935
1663 0.6823108354590969
1664 0.6742359004277851
1665 0.6624744561806558
1666 0.6736194874441093
1667 0.6483739672916252
1668 0.5696549669706037
1669 0.5952708273185428
1670 0.5596678221155633
1671 0.6612956789339721
1672 0.6303655478190869
1673 0.636980916739637
1674 0.6278818290791137
1675 0.6235588715710298
1676 0.6883530290405051
1677 0.652964882484497
1678 0.672314870605738
1679 0.6750746435012118
1680 0.6617387862917055
1681 0.7024629553590336
1682 0.6253791253026953
1683 0.666500853448031
1684 0.5720453024188141
1685 0.6657759182876197
1686 0.6710837174078705
1687 0.5849796057148932
1688 0.6427211704561283
1689 0.6318660418591173
1690 0.6297889487208326
1691 0.6648543800538228
1692 0.6815167595834647
1693 0.6871747056841124
1694 0.6612200789886277
1695 0.6102209238733647
1696 0.6022101374199902
1697 0.6330824428813502
1698 0.6340279851458256
1699 0.6624288514397944
1700 0.6753443944673504
1701 0.657598788730044
1702 0.6677339211247597
1703 0.6818091529723722
1704 0.6682604101416864
1705 0.6318461406062631
1706 0.6195714330900495
1707 0.648045745528829
1708 0.659396731260643
1709 0.7142524039017311
1710 0.6489223569423964
1711 0.6906965006741227
1712 0.6671643590394631
1713 0.637256053637491
1714 0.6341752842350061
1715 0.6799145348753344
1716 0.6399796203375273
1717 0.6709767486821139
1718 0.5925489101367453
1719 0.6435130573373823
1720 0.6518347350658251
1721 0.6254344649211415
1722 0.6034400714757362
1723 0.6378550527652105
1724 0.657731914117505
1725 0.6539287035419599
1726 0.6618172151206467
1727 0.6601392252726833
1728 0.6566685929507647
1729 0.6425751379893713
1730 0.6489314675429831
1731 0.6045371976373327
1732 0.5796381260101597
1733 0.6094978159524006
1734 0.5727291413337524
1735 0.6221611873282401
1736 0.5849291627142957
1737 0.6390309344573276
1738 0.6273157534100384
1739 0.6018621575223694
1740 0.6405661324706204
1741 0.6495730788207658
1742 0.6167633170259025
1743 0.623983208662601
1744 0.6121096734016593
1745 0.642898979760432
1746 0.6561880756512437
1747 0.6367828224336651
1748 0.6638457922032092
1749 0.6704664660218387
1750 0.6458139344431387
1751 0.6077063505552995
1752 0.638829077929632
1753 0.6100590750305921
1754 0.5902617540753492
1755 0.5895547963357434
1756 0.5741216604878105
1757 0.5824474958078394
1758 0.6783914184447002
1759 0.6106004321519594
1760 0.6268489780532667
1761 0.5973703976331737
1762 0.645681718827486
1763 0.5708837180809662
1764 0.6697995583837286
1765 0.6762861179878362
1766 0.6275319869347209
1767 0.6276577823355529
1768 0.602133650284122
1769 0.611333717440152
1770 0.6508963537072932
1771 0.661852812487867
1772 0.6367041610912735
1773 0.6375505761642852
1774 0.6265796648132497
1775 0.6784575593306994
1776 0.6357352268896015
1777 0.6558626025101217
1778 0.67602796944161
1779 0.6867246001455001
1780 0.6514920438571088
1781 0.6956472472053913
1782 0.6929826971001689
1783 0.6673785497486772
1784 0.7106281203974515
1785 0.6092059798184651
1786 0.6826776881921791
1787 0.6414783361851357
1788 0.6061014106373002
1789 0.6028866781558132
1790 0.6379036383663333
1791 0.636559761352578
1792 0.6241169271034175
1793 0.5700750122214505
1794 0.5948473818134756
1795 0.5990452417097977
1796 0.5833488928851126
1797 0.6181596347329158
1798 0.6639668662872018
1799 0.6463144289376594
1800 0.6420555900354882
1801 0.6139759390959527
1802 0.6023801025704993
1803 0.5974866669606709
1804 0.5987159615112949
1805 0.5832499638207042
1806 0.6067216411386529
1807 0.6274205582484728
1808 0.5773788986452021
1809 0.5730555763643224
1810 0.6009656131752026
1811 0.6288651389840632
1812 0.6700845304182238
1813 0.6220952975911974
1814 0.5802826842995228
1815 0.6020594421493635
1816 0.6693317455269535
1817 0.631501757547743
1818 0.6191888627612767
1819 0.6063858679242112
1820 0.6028133590772774
1821 0.6114494650053145
1822 0.6193280492503203
1823 0.6169923889357566
1824 0.6005129436050837
1825 0.6048141392573982
1826 0.6032612998473951
1827 0.6069014300510003
1828 0.5676459232362208
1829 0.5947506636412949
1830 0.5638567266570012
1831 0.5988237181114175
1832 0.6421307151971
1833 0.6309066749616947
1834 0.6087191391322524
1835 0.5908884056891814
1836 0.557345881743173
1837 0.6112396034162996
1838 0.6115631021098952
1839 0.5885493640842061
1840 0.6315060782158977
1841 0.613863231114078
1842 0.6017557934685916
1843 0.5904538055321074
1844 0.5909371195036627
1845 0.5531281848775845
1846 0.5751413954893694
1847 0.5956146367085668
1848 0.5803446656384778
1849 0.6013454834853654
1850 0.5724766606360644
1851 0.6196556002264009
1852 0.6452111383346079
1853 0.6762028034087586
1854 0.6538552472673008
1855 0.6584558728792769
1856 0.6005948268500757
1857 0.6672302751633855
1858 0.6259550268056338
1859 0.6582260670883217
1860 0.6288384441674415
1861 0.6443802499647294
1862 0.6861838821664245
1863 0.6125652245348783
1864 0.6223928942279688
1865 0.6665795235588645
1866 0.6619252272052668
1867 0.5988931140860827
1868 0.6082265922420431
1869 0.6356994897189048
1870 0.6700765059907847
1871 0.6375040654810377
1872 0.6531044218675335
1873 0.6603467879758811
1874 0.6496760852590701
1875 0.6690081600499072
1876 0.7081994442836479
1877 0.69032619287898
1878 0.6728375479189682
1879 0.6671317802128592
1880 0.6208932580681965
1881 0.6694117601694337
1882 0.7537851184596452
1883 0.7385819517625982
1884 0.6879896930425367
1885 0.6417040441562601
1886 0.6681606868555798
1887 0.6480961639045713
1888 0.6193690747626691
1889 0.5583529317535526
1890 0.6299904719912878
1891 0.5910785078175073
1892 0.672995068296253
1893 0.6498430605279849
1894 0.6829048313483461
1895 0.6703509936702852
1896 0.6642872297087563
1897 0.6352953938019321
1898 0.6808409189613208
1899 0.6661933529145574
1900 0.6825762703369465
1901 0.693809817900554
1902 0.6808904848449048
1903 0.7161494239995528
1904 0.6841879434518218
1905 0.6800073733015713
1906 0.6982589714852283
1907 0.7119210236844349
1908 0.7738936779774932
1909 0.7348189515954267
1910 0.6707086850169525
1911 0.7041871143313763
1912 0.6569749425727632
1913 0.6729668153443147
1914 0.6511217218306774
1915 0.6270610020102656
1916 0.6336167994050674
1917 0.6726989169652978
1918 0.6278674525474263
1919 0.6468448429546547
1920 0.6496999749217646
1921 0.6743881308705594
1922 0.6299492194952434
1923 0.7061080998617496
1924 0.6550828226284264
1925 0.7045393886967886
1926 0.69979719111613
1927 0.6529841548940112
1928 0.6522315065258857
1929 0.6824615029572524
1930 0.6682459088261199
1931 0.7113066831647872
1932 0.6687340918010409
1933 0.6558343250842114
1934 0.6735207589678233
1935 0.6940418890944907
1936 0.6917360255347736
1937 0.6878309169191382
1938 0.6649805697469802
1939 0.6470606575509881
1940 0.6628651338269753
1941 0.6326816503531745
1942 0.6662324949125532
1943 0.689458156522273
1944 0.6669208134123366
1945 0.6623386602273866
1946 0.6467368807425715
1947 0.6841329721563087
1948 0.6961891115044143
1949 0.6570767908778908
1950 0.6829983078128911
1951 0.6844129344522214
1952 0.6477560216515531
1953 0.6656206998153701
1954 0.671027780885488
1955 0.6801812177000629
1956 0.721532261511537
1957 0.6631495677376504
1958 0.6893470008797558
1959 0.6991311613910541
1960 0.673364598638023
1961 0.7052628655123769
1962 0.6694528386838015
1963 0.679214166567597
1964 0.68001261744114
1965 0.7140387781086249
1966 0.6154321863360407
1967 0.5947942893456474
1968 0.5937201200175763
1969 0.6128844042819379
1970 0.6075216051347544
1971 0.6123145448029039
1972 0.6847670012755236
1973 0.6632200334314308
1974 0.6680272299546874
1975 0.6739546899334203
1976 0.6965675694984192
1977 0.7065378640694862
1978 0.6827907941270941
1979 0.6078373355456059
1980 0.6208085026615721
1981 0.677809115138307
1982 0.671593745960265
1983 0.6508361895447107
1984 0.6720672525401112
1985 0.6829075670551213
1986 0.6996547442519514
1987 0.6436743844685396
1988 0.7235427079632006
1989 0.6614396300853778
1990 0.6617028188638687
1991 0.6618324371090845
1992 0.6736743070149671
1993 0.7024854816630746
1994 0.6859566249834578
1995 0.6318971210030159
1996 0.6865884219979351
1997 0.6889063635186417
1998 0.703084032272108
1999 0.70507608052647
2000 0.7456984737095166
