Agent 1, position of (485.6600604301055, 517.9950016460721), considering position of (497.0425269677493, 514.1950732889292)
[((495.80638997482583, 512.1809926614972), 14, 97), ((497.57869324849713, 509.51231614079336), 97, 95), ((500.0099199740486, 512.2920179410098), 95, 55), ((499.66667334904594, 513.4035293483037), 55, 79), ((496.90712410013396, 516.1178422277796), 79, 82), ((496.2506740829971, 516.2279095384034), 82, 14)]
[(2.0280475225942833, (-16.657695993650066, 33.85505063945206), (486.90050254856317, 440.1154705224522), 19), (2.316105674102175, (-17.55017746638623, 19.0168938749637), (472.06234578407486, 441.00795199518836), 4), (2.5323431594505736, (-17.347010113204107, 12.104784059699512), (465.15023596881065, 440.8047846420062), 39), (3.002372990748799, (-25.08793565043578, 3.515475796090385), (456.5609277052015, 448.5457101792379), 65), (3.1028008335889683, (-29.333821430287344, 1.1384834434639117), (454.1839353525751, 452.7915959590895), 59)]


Agent 2, position of (531.73105274806, 473.28709999926343), considering position of (531.73105274806, 473.28709999926343)
[((528.170921398673, 469.94374263589276), 2, 85), ((535.1092531321489, 473.9604052311588), 85, 81), ((534.4164961193956, 475.6691787843896), 81, 45), ((532.9891606378909, 476.0067831547482), 45, 2)]
[(-2.8704702615316324, (-40.70910587594415, -11.315782887625971), (530.787462653673, 414.5305453854693), 20), (-2.617798368977359, (-41.733097921842784, -24.10549547666176), (517.9977500646371, 415.5545374313679), 75), (-2.469139464873368, (-41.44056733056365, -32.9972561197134), (509.1059894215855, 415.2620068400888), 40), (3.1397773875647053, (-41.09742500881168, 0.07460284128063677), (542.1778483825794, 414.9188645183368), 19)]


Agent 3, position of (528.3271363682693, 540.2157551804219), considering position of (528.3271363682693, 540.2157551804219)
[((522.5864104926663, 540.8885119051138), 30, 78), ((527.9582962107826, 536.7916126669603), 78, 15), ((528.2133290799021, 537.0595947196477), 15, 2), ((529.8925727601068, 543.3253004488163), 2, 30)]
[(-0.14671358248780444, (47.04085670864754, -6.951480917146625), (471.88016074670855, 578.9140144222278), 54), (-0.046866857383210975, (41.61588527641322, -1.951835039498036), (476.8798066243571, 584.3389858544621), 31), (0.15016488423012125, (42.791789524444994, 6.474563477136371), (485.30620514099155, 583.1630816064303), 20), (0.5339830113384377, (40.54113633160455, 23.9711602770235), (502.8028019408787, 585.4137347992707), 30)]


Agent 4, position of (506.355229089355, 534.333715928247), considering position of (514.7730410128256, 508.6794678897432)
[((510.92443620458255, 505.2296969845566), 9, 96), ((514.2473221420717, 506.27649092116326), 96, 70), ((517.5215364230222, 510.5422698571396), 70, 78), ((509.2575889557453, 510.5985846931958), 78, 9)]
[(1.0148738472832695, (15.236573117646685, 24.524339349928653), (435.55206415136325, 488.8702189473204), 66), (1.1101508101935618, (10.990687337795123, 22.14734699730218), (433.1750717987368, 493.11610472717194), 60), (1.1703693475803065, (9.219735921675039, 21.780793031055737), (432.80851783249034, 494.88705614329206), 89), (1.2086418636578462, (8.48226812404701, 22.388655682774896), (433.4163804842095, 495.6245239409201), 17), (1.7680067305490619, (-4.7705802849076235, 23.875888558356678), (434.9036133597913, 508.8773723498747), 42), (2.046479918876245, (-13.883182824306573, 26.950477514063664), (437.97820231549827, 517.9899748892736), 55)]


Agent 5, position of (467.85067629828615, 523.8048858937275), considering position of (489.7351069720764, 530.8810214269172)
[((486.0872050595713, 532.6743620993838), 54, 94), ((485.9626749402483, 532.3504855208646), 94, 64), ((487.59411792785386, 526.5243806583535), 64, 26), ((493.9048034230185, 533.8466036932987), 26, 54)]
[(-1.3106229601724235, (4.695218012721455, -17.63745783813181), (544.411420056034, 549.5678164803876), 31), (-1.0665858330104652, (8.46679132002214, -15.344443698048167), (546.7044341961176, 545.796243173087), 16), (-0.7406107778036702, (11.581797875190261, -10.588197305804727), (551.4606805883611, 542.6812366179188), 35), (-0.6012483632241965, (13.27458822664164, -9.105982917759775), (552.942894976406, 540.9884462664675), 11), (-0.1759202468507943, (41.2897587632811, -7.339576134663957), (554.7093017595018, 512.973275729828), 63), (-0.16799369225640098, (41.87630711173506, -7.101891061980723), (554.9469868321851, 512.386727381374), 37)]


Agent 6, position of (480.1441927003966, 531.1262439811873), considering position of (480.9718880842742, 531.6874216282009)
[((479.8694937687625, 533.4468327326751), 71, 2), ((478.59391012700723, 526.7995313578188), 2, 64), ((483.47938453612306, 531.6433811359922), 64, 93), ((480.17348624658564, 533.5418281880945), 93, 71)]
[(-2.1197085604324837, (-4.48881928484451, -7.339354414931165), (528.0949076029465, 452.28434723125775), 20), (-1.8421976924162249, (-5.729555287236735, -20.590104199782957), (514.8441578180946, 453.52508323365), 76), (-1.8088423895259877, (-5.381300757580675, -22.177511179419525), (513.2567508384581, 453.1768287039939), 4), (2.629025077350027, (-4.8367827582425775, 2.721824509747364), (538.1560865276249, 452.6323107046558), 19), (3.081950506539551, (-5.593224415042641, 0.3339880261370922), (535.7682500440146, 453.3887523614559), 7)]


Agent 7, position of (524.4905323892414, 490.11731772786254), considering position of (502.37121611518467, 499.4305259596294)
[((494.45854729515185, 496.25190490127693), 53, 24), ((494.38475208681103, 496.04441349085823), 24, 6), ((504.32672845734226, 498.8756245895029), 6, 8), ((502.6618593976859, 501.24695322600024), 8, 76), ((501.48070680450564, 501.6862625589019), 76, 53)]
[(-1.157390405534176, (19.58499230769644, -44.64461664074835), (519.5725882256074, 562.3080928857453), 32), (-1.0503030882654654, (20.76089655572821, -36.218218124113946), (527.9989867422419, 561.1321886377135), 21), (-0.7910754425802398, (18.510243362887763, -18.721621324226817), (545.495583542129, 563.382841830554), 31), (-0.4308079256868823, (25.39682322535657, -11.672360791899735), (552.544844074456, 556.4962619680852), 35), (-0.3597910638129712, (27.08961357680795, -10.190146403854783), (554.027058462501, 554.8034716166337), 11)]


Agent 8, position of (491.32705717394555, 539.4801434269237), considering position of (465.91921629973314, 489.57581874347875)
[((463.76248362187914, 491.70611970547156), 57, 49), ((466.5150107213985, 483.36146153200707), 49, 98), ((467.37013805160103, 489.94272885311875), 98, 94), ((463.968395636802, 491.8716652288505), 94, 57)]
[(0.4786091804916799, (50.03755813930238, 25.96170387578499), (428.62760698776106, 535.7048783609193), 89), (0.6613897379732199, (36.047241932719714, 28.056799403085932), (430.722702515062, 549.6951945675021), 41), (0.8575481686213581, (26.934639393320765, 31.13138835879292), (433.797291470769, 558.807797106901), 54), (1.0338222346995465, (21.50966796108645, 36.13103423644151), (438.7969373484176, 564.2327685391353), 31)]


Agent 9, position of (477.55781835553256, 536.5598742042), considering position of (478.4956943829338, 536.2129036618969)
[((471.51240925412174, 534.557872207745), 2, 54), ((471.7270968815372, 533.680785939573), 54, 92), ((479.4940881348929, 533.4513369321357), 92, 70), ((479.49853116679594, 538.2307179421186), 70, 2)]
[(1.8535545557362763, (-7.575947465335332, 26.075133002656997), (467.99802110048654, 450.6951894717134), 75), (1.9702146792730664, (-7.27267310541211, 17.229422578432263), (459.1523106762618, 450.3919151117901), 39), (2.584718952274973, (-14.77187909543386, 9.197014776625537), (451.1199028744551, 457.8911211018119), 65), (2.83450474953378, (-19.742163347473593, 6.260626611664605), (448.18351470949415, 462.86140535385164), 59)]


Agent 10, position of (463.29860281655493, 489.7106988603097), considering position of (463.29860281655493, 489.7106988603097)
[((461.296473718299, 491.6298063202894), 57, 34), ((461.24919472231, 490.76664995575044), 34, 2), ((465.69853557998306, 486.2985135679837), 2, 98), ((465.9260931255397, 488.7796013809192), 98, 94), ((464.2775763162545, 492.3839514436113), 94, 57)]
[(-2.6809608171421693, (-19.60696416069024, -9.72968046059674), (553.5665925192429, 508.10689387913555), 11), (-1.8174700126933137, (-3.4177201288496803, -13.573060720269325), (549.7232122595703, 491.917649847295), 47), (-1.3344640575677047, (2.6395650278307983, -10.960156154861409), (552.3361168249783, 485.8603646906146), 66), (-0.7582275470442748, (8.40820637594922, -7.963273677500922), (555.3329993023387, 480.09172334249615), 62), (-0.7096379357942305, (8.99475472440318, -7.725588604817688), (555.570684375022, 479.50517499404214), 37), (-0.6256375632902518, (15.515418127773472, -11.209180971233707), (552.0870920086061, 472.9845115906719), 19)]


Agent 11, position of (479.7502770556593, 534.5211609275098), considering position of (479.7502770556593, 534.5211609275098)
[((476.20608543843025, 532.9079471933586), 36, 92), ((480.4463110369369, 532.4430129227994), 92, 93), ((480.99127199350556, 534.2444939591074), 93, 2), ((479.19767036994335, 536.1251364299501), 2, 36)]
[(-3.134927288883969, (-11.301433295425483, -0.07532929016949197), (477.3303493186796, 446.85036145978484), 40), (-2.7145726636761696, (-19.042358832657158, -8.664637553778618), (468.7410410550705, 454.59128699701654), 66), (1.9033230359453879, (-10.96008264926951, 31.736116214261585), (509.14179482311073, 446.5090108136289), 19), (2.0260919749638187, (-10.612119175871442, 21.674937289583056), (499.0806158984322, 446.1610473402308), 20), (2.151256833054892, (-12.154159836481739, 18.532575050349976), (495.9382536591991, 447.70308800084115), 2), (2.5237011549223616, (-11.852855178263667, 8.424187504731265), (485.8298661135804, 447.40178334262305), 75), (2.6054007992785864, (-11.504600648607607, 6.836780525094696), (484.24245913394384, 447.053528812967), 4)]


Agent 12, position of (513.8223662826229, 512.2260115840108), considering position of (494.29602608608616, 507.8991144822628)
[((491.59121801483695, 509.37876486490677), 97, 3), ((495.9589475472427, 504.4701305954176), 3, 53), ((498.59332811305313, 507.346492191426), 53, 95), ((497.87774431886345, 510.7013730412709), 95, 97)]
[(1.0729799819453514, (16.328038087573844, 30.04401885937196), (447.21100116913817, 474.47983284278416), 40), (1.1900798892041198, (8.58711255034217, 21.454710595762833), (438.6216929055291, 482.22075838001587), 66), (1.347051503048711, (4.341226770490607, 19.07771824313636), (436.2447005529026, 486.4666441598674), 60), (1.4342848081199382, (2.570275354370523, 18.711164276889917), (435.87814658665616, 488.2375955759875), 89), (1.476208831103397, (1.8328075567424946, 19.319026928609077), (436.48600923837535, 488.9750633736155), 17), (2.0727755885810693, (-11.42004085221214, 20.80625980419086), (437.9732421139571, 502.2279117825702), 42), (2.2809496966146856, (-20.53264339161109, 23.880848759897845), (441.0478310696641, 511.3405143219691), 55)]


Agent 13, position of (533.862829782651, 472.3460307618324), considering position of (533.862829782651, 472.3460307618324)
[((533.6603360324, 474.77238867490587), 45, 51), ((532.681439228446, 472.55492194355236), 51, 2), ((537.1151977989931, 467.9409012461977), 2, 25), ((538.4205676811864, 468.3263566975513), 25, 39), ((537.1576762523692, 472.95441395853726), 39, 82), ((534.1151791121584, 474.8063589726157), 82, 45)]
[(-2.143099332769339, (-28.669924083821087, -44.50313751800138), (588.3400495766476, 499.0439339560047), 11), (-1.7103359260663937, (-6.423394895300049, -45.73361321226605), (587.109573882383, 476.7974047674837), 67), (-1.5861157561209527, (-0.6547535471816275, -42.736730734905564), (590.1064563597434, 471.0287634193653), 63), (-1.572401189659669, (-0.06820519872766795, -42.49904566222233), (590.3441414324267, 470.4422150709113), 37), (-1.431382830268836, (6.452458204642625, -45.98263802863835), (586.8605490660107, 463.92155166754105), 19)]


Agent 14, position of (542.8783899632916, 527.4288398075722), considering position of (497.8278514816238, 514.0329828916535)
[((496.1259665531157, 511.9879305107247), 13, 97), ((497.51337645041446, 509.25261003313057), 97, 95), ((500.62154823821476, 512.3851743840371), 95, 55), ((499.82751705061287, 514.2646585433511), 55, 79), ((496.65780987472465, 515.8709348601783), 79, 13)]
[(0.40562728978157053, (8.543308712545098, 3.668858136428071), (451.6535606596109, 490.66872610192195), 59), (0.4536907486866522, (6.772357296425014, 3.3023041701816283), (451.28700669336445, 492.439677518042), 89), (0.5749164266242416, (6.034889498796986, 3.9101668219007877), (451.89486934508363, 493.17714531567003), 16), (0.8754651439879334, (4.635589729550446, 5.556006171539252), (453.54070869472207, 494.5764450849166), 33), (1.2350176774521904, (2.470964419210418, 7.0802416087229005), (455.0649441319057, 496.7410703952566), 57), (1.6277983171077806, (-0.4902166308569349, 8.590675017408586), (456.5753775405914, 499.70225144532395), 73), (2.499517912793331, (-7.217958910157648, 5.3973996974825695), (453.3821022206654, 506.42999372462464), 41), (2.6630332043219096, (-16.330561449556598, 8.471988653189555), (456.4566911763724, 515.5425962640236), 54)]


Agent 15, position of (491.9986879829335, 505.85637653184165), considering position of (491.9986879829335, 505.85637653184165)
[((494.8286637118547, 501.9317645876404), 23, 52), ((496.421916613145, 506.3020161270714), 52, 2), ((488.62034224327994, 506.7653829390788), 2, 23)]
[(1.865950344050478, (-9.012681249031544, 29.643616937391442), (447.61140309111875, 449.1391135061788), 39), (2.242929977521711, (-16.75360678626322, 21.054308673782316), (439.0220948275096, 456.8800390434105), 65), (2.4146550935338427, (-20.99949256611478, 18.677316321155843), (436.6451024748831, 461.12592482326204), 59), (2.4643287462173236, (-22.770443982234866, 18.3107623549094), (436.2785485086367, 462.8968762393821), 89), (2.634843163585643, (-36.76076018881753, 20.40585788221034), (438.3736440359376, 476.8871924459648), 41)]


Agent 16, position of (458.8184175022954, 512.6487101330289), considering position of (460.2193785316042, 476.6759800699053)
[((453.39894096820495, 475.47198103900325), 59, 65), ((463.099158446621, 475.01611762016114), 65, 15), ((458.741783919179, 480.2731532097305), 15, 59)]
[(-3.0983104161499235, (-29.954971685117386, -1.2973284158013598), (461.37373191709327, 443.67867414455634), 65), (-3.0345695603203, (-34.20085746496895, -3.674320768427833), (458.9967395644668, 447.92455992440784), 59), (2.080793477437535, (-21.872695501729737, 39.103425352238844), (501.77448568513347, 435.5963979611687), 19), (2.2086109135268504, (-21.52473202833167, 29.042246427560315), (491.71330676045494, 435.2484344877706), 20), (2.535134346488514, (-22.765468030723895, 15.791496642708523), (478.46255697560315, 436.4891704901628), 75), (2.5768156680370793, (-22.417213501067835, 14.204089663071954), (476.8751499959666, 436.14091596050673), 4), (2.8244151468652907, (-22.21404614788571, 7.291979847807767), (469.96304018070236, 435.93774860732464), 40)]


Agent 17, position of (521.3974898989994, 457.5399241434467), considering position of (538.0878443845875, 477.4756224544016)
[((535.7011542597373, 478.89501148974443), 44, 81), ((538.2684448472805, 475.17963486084545), 81, 38), ((541.9833032294953, 477.62228868187356), 38, 5), ((535.5887132388871, 480.7796119811523), 5, 44)]
[(-2.2526027632236034, (-31.05725994224872, -38.264186527246125), (582.1010985858924, 496.6565980975771), 11), (-1.7902888431870085, (-8.810730753727682, -39.494662221510794), (580.8706228916277, 474.41006890905606), 66), (-1.6539540957983545, (-3.0420894056092607, -36.49777974415031), (583.8675053689882, 468.64142756093764), 62), (-1.6384132938559806, (-2.455541057155301, -36.26009467146707), (584.1051904416714, 468.0548792124837), 36), (-1.4688673246787736, (4.0651223462149915, -39.74368703788309), (580.6215980752554, 461.5342158091134), 19)]


Agent 18, position of (527.4966192806982, 517.3949593363656), considering position of (514.5811787923318, 506.3409375799429)
[((510.40009555821183, 501.9949325976412), 9, 8), ((510.6604982776632, 501.51066685669724), 8, 96), ((515.9848628090965, 506.04212855707976), 96, 69), ((514.0455712557458, 509.41461726554223), 69, 77), ((510.0145754677504, 509.5583149437519), 77, 9)]
[(0.027283922314030144, (31.07260877001204, 0.8479930730762248), (464.0806867564857, 562.9457664835923), 54), (0.22416721559926336, (25.647637337777724, 5.847638950724814), (469.08033263413427, 568.3707379158266), 32), (0.48903239203094206, (26.823541585809494, 14.274037467359221), (477.5067311507687, 567.1948336677948), 21), (0.9124574975648093, (24.57288839296905, 31.77063426724635), (495.00332795065583, 569.4454868606352), 31)]


Agent 19, position of (539.3063372386075, 474.04965256516056), considering position of (498.36674256648104, 471.82488559264476)
[((495.98232795003895, 467.9767600837438), 29, 83), ((501.95907332284526, 473.0390811391795), 83, 43), ((497.14418578016716, 473.13381183194133), 43, 29)]
[(-0.2544809628649471, (13.612758341516724, -3.5409580531641893), (462.3204599713122, 527.260710976299), 41), (-0.10326535191512837, (4.500155802117774, -0.46636909745720345), (465.39504892701916, 536.373313515698), 54), (1.2174751307990679, (2.1567975568078737, 5.848200165528112), (471.70961819000445, 538.7166717610079), 36), (1.7720408186113659, (-0.9248156301165409, 4.533276780191386), (470.3946948046677, 541.7982849479323), 32)]


Agent 20, position of (512.6054055055101, 530.2638034105668), considering position of (499.54398099011075, 471.7027311045671)
[((497.58221423930485, 472.46265812448746), 43, 29), ((497.0823508919619, 469.8332335734838), 29, 83), ((507.190503613705, 472.9874906578124), 83, 71), ((508.078969269472, 474.8099964239019), 71, 68), ((506.6087149607586, 476.2421110446777), 68, 43)]
[(1.1915219039427205, (9.73308868495073, 24.419923047141054), (452.83509698136913, 467.88488344016105), 40), (1.445611941744383, (1.9921631477190545, 15.830614783531928), (444.24578871776, 475.62580897739275), 65), (1.7367731207211576, (-2.253722632132508, 13.453622430905455), (441.8687963651335, 479.8716947572443), 59), (1.8691475316745847, (-4.024674048252592, 13.087068464659012), (441.50224239888706, 481.64264617336437), 89), (2.441321670453666, (-18.014990254835254, 15.182163991959953), (443.597337926188, 495.63296237994706), 41), (2.5492212102551566, (-27.127592794234204, 18.25675294766694), (446.671926881895, 504.745564919346), 54)]


Agent 21, position of (519.4787170347937, 470.44893479354226), considering position of (519.4787170347937, 470.44893479354226)
[((513.2337082830487, 472.2273038234023), 29, 71), ((514.3756211299933, 469.93353386906216), 71, 2), ((526.155773361482, 469.4898364286155), 2, 50), ((525.5057201682874, 472.296110685817), 50, 29)]
[(-1.6776887504500415, (-3.578863633327046, -33.35336996008624), (560.1273321779884, 541.2937348343391), 30), (-1.4457038945177294, (3.3077162291417608, -26.30410942775916), (567.1765927103155, 534.4071549718703), 34), (-1.3720016671783113, (5.0005065805931395, -24.821895039714207), (568.6588070983605, 532.714364620419), 11), (-0.7629876881563308, (27.247035769114177, -26.052370733978876), (567.4283314040958, 510.4678354318979), 66), (-0.6095971627424193, (33.0156771172326, -23.05548825661839), (570.4252138814563, 504.6991940837795), 62), (-0.5965310716634666, (33.60222546568656, -22.817803183935155), (570.6628989541396, 504.11264573532554), 36)]


Agent 22, position of (530.7132568256335, 536.5667359446576), considering position of (501.61024156601354, 502.2445200663328)
[((498.9922336070811, 498.89913548877763), 52, 6), ((502.20098030584546, 499.7863024007893), 6, 8), ((502.94462989339587, 501.3714397469066), 8, 76), ((501.9800974234998, 504.80341852238234), 76, 90), ((501.6112651302249, 505.1926161970031), 90, 52)]
[(0.4657582348108338, (23.50142595422267, 11.812781966723492), (443.50963682931547, 505.6268433435995), 59), (0.4848071022366377, (21.730474538102584, 11.44622800047705), (443.143082863069, 507.39779475971955), 89), (1.0515244533255588, (7.740158331519922, 13.54132352777799), (445.23817839036997, 521.3881109663023), 41), (1.4494498868785526, (1.9985855221797806, 16.389159697834742), (448.08601456042675, 527.1296837756424), 32), (1.6532074357263464, (-1.3724442078790275, 16.615912483484976), (448.31276734607695, 530.5007135057012), 54), (1.8754736995282173, (-6.797415640113343, 21.615558361133566), (453.31241322372557, 535.9256849379356), 31)]


Agent 23, position of (530.5185760846252, 512.9024234110352), considering position of (523.4413358496727, 487.88417665678065)
[((517.9167960728204, 489.358233786391), 87, 43), ((529.3621284954705, 483.53499808220147), 43, 61), ((520.4102752362568, 493.09692526659217), 61, 87)]
[(0.34670941867820015, (27.708749099507457, 10.011279604662377), (444.5780312588837, 513.3760693211244), 89), (0.7230562173328559, (13.718432892924795, 12.106375131963318), (446.67312678618464, 527.366385527707), 42), (1.0807723258888131, (7.976860083584654, 14.95421130202007), (449.5209629562414, 533.1079583370472), 33), (1.2762276653027362, (4.605830353525846, 15.180964087670304), (449.7477157418916, 536.478988067106), 55), (1.6113645581361316, (-0.8191410787084692, 20.180609965318894), (454.74736161954024, 541.9039594993403), 32)]


Agent 24, position of (525.4325491783924, 504.9844477266345), considering position of (502.4477093940714, 505.8193968802334)
[((498.14649211241976, 507.53724327756663), 95, 52), ((501.6336085176375, 503.76397757599375), 52, 76), ((503.0962989859192, 504.33840211723714), 76, 90), ((504.0973856505628, 507.02922181361646), 90, 9), ((504.080772630868, 507.7827084366181), 9, 95)]
[(0.006891641904135304, (32.26560579135975, 0.2223665213576851), (458.5571353967903, 545.9135584261421), 41), (0.14144766344454535, (23.153003251960797, 3.296955477064671), (461.63172435249726, 555.0261609655411), 54), (0.43771605194600494, (17.728031819726482, 8.29660135471326), (466.6313702301459, 560.4511323977754), 31), (0.7242585235532366, (18.903936067758252, 16.722999871347668), (475.05776874678025, 559.2752281497435), 21), (1.117878172680232, (16.653282874917807, 34.2195966712348), (492.5543655466674, 561.525881342584), 30)]


Agent 25, position of (456.28155878940214, 482.40834931251607), considering position of (456.28155878940214, 482.40834931251607)
[((456.7293617784108, 484.70971716850477), 89, 2), ((451.52006353151415, 475.14117851587844), 2, 65), ((457.12083251022017, 477.563374158491), 65, 15), ((460.9966964504773, 482.77506014626965), 15, 61), ((456.9502703590319, 484.8244257982492), 61, 89)]
[(-3.0534072042248392, (-35.97018835107599, -3.180295540726547), (480.4353155692367, 422.18160640413436), 40), (-2.878571748869407, (-43.711113888307665, -11.769603804335674), (471.8460073056276, 429.92253194136606), 65), (2.464663579244848, (-35.62883770492002, 28.63114996370453), (512.2467610736678, 421.8402557579784), 19), (2.657090534660627, (-35.28087423152195, 18.569971039026), (502.1855821489893, 421.49229228458034), 20), (2.9969637316245805, (-36.521610233914174, 5.319221254174209), (488.9348323641375, 422.7330282869725), 75), (3.0387916022811923, (-36.173355704258114, 3.7318142745376406), (487.34742538450087, 422.38477375731645), 4)]


Agent 26, position of (532.0713913921445, 494.0523006761771), considering position of (533.9219765240313, 475.1426382077553)
[((531.544589270855, 475.72850043093945), 45, 50), ((533.132657403307, 473.85339152004326), 50, 85), ((536.4276208399187, 472.59678797802985), 85, 81), ((534.7256240927649, 476.3800894376459), 81, 45)]
[(-2.9921228426455895, (-27.923870557289547, -4.205138374982653), (464.28154187627456, 445.70977527238415), 65), (-2.9397720299668273, (-32.16975633714111, -6.582130727609126), (461.9045495236481, 449.9556610522357), 59), (2.0722386427696775, (-19.8415943739019, 36.19561539305755), (504.68229564431476, 437.6274990889965), 19), (2.211667154670396, (-19.49363090050383, 26.134436468379022), (494.62111671963623, 437.27953561559843), 20), (2.5856088702360442, (-20.734366902896056, 12.88368668352723), (481.37036693478444, 438.52027161799066), 75), (2.6355945341579794, (-20.386112373239996, 11.296279703890661), (479.7829599551479, 438.1720170883346), 4), (2.927694103386645, (-20.182945020057872, 4.384169888626474), (472.8708501398837, 437.9688497351525), 40)]


Agent 27, position of (536.3401543266779, 494.3535864252593), considering position of (539.3801989247056, 478.64504961109355)
[((536.0077486459909, 479.6854134774468), 45, 81), ((538.7542669150508, 476.1528901589856), 81, 39), ((545.4187907321991, 477.509919352726), 39, 62), ((546.1918833076368, 478.3971727907993), 62, 66), ((545.2843184759615, 478.79301678404124), 66, 5), ((535.8502164414891, 480.32727313715276), 5, 45)]
[(-3.0780150561881063, (-22.8371156838771, -1.453888400895039), (478.7089084294052, 435.3146790713332), 40), (-2.8242482706665086, (-30.578041221108776, -10.043196664504165), (470.1196001657961, 443.0556046085649), 65), (2.2085298442216366, (-22.495765037721128, 30.35755710353604), (510.5203539338363, 434.9733284251773), 19), (2.3997870507690062, (-22.14780156432306, 20.29637817885751), (500.4591750091578, 434.6253649517792), 20), (2.848996071890718, (-23.388537566715286, 7.045628394005718), (487.208425224306, 435.86610095417143), 75), (2.9089817820207786, (-23.040283037059226, 5.458221414369149), (485.62101824466936, 435.51784642451537), 4)]


Agent 28, position of (502.7826585396446, 503.3447349485311), considering position of (502.7826585396446, 503.3447349485311)
[((500.93112471913196, 506.3485035755739), 95, 53), ((501.34124045714145, 500.54598072101567), 53, 8), ((503.7634747434323, 502.2191169063003), 8, 2), ((503.20535953950593, 504.6760461883989), 2, 90), ((501.5628628859922, 506.39810777854996), 90, 95)]
[(0.4677344957068429, (35.217468034513075, 17.789015668739893), (436.80029519480615, 520.88478825613), 89), (0.7527413423079096, (21.227151827930413, 19.884111196040834), (438.8953907221071, 534.8751044627127), 42), (1.0852608516416906, (12.114549288531464, 22.95870015174782), (441.9699796778141, 543.9877070021116), 55), (1.3359422300813457, (6.689577856297149, 27.95834602939641), (446.9696255554627, 549.4126784343459), 32)]


Agent 29, position of (475.70584501739626, 542.0946796021474), considering position of (487.3739465054532, 532.668364963626)
[((484.4971068927742, 531.9331724305487), 93, 63), ((487.5561525373199, 528.5804000585148), 63, 26), ((490.7405187275292, 532.545603556728), 26, 53), ((485.32814762387284, 535.793970016391), 53, 93)]
[(-2.635500316332704, (-7.434362716162184, -4.120418055779197), (481.3754380842894, 450.71743203904816), 39), (-2.4443840346997985, (-15.175288253393859, -12.709726319388324), (472.78612982068023, 458.4583575762798), 65), (1.8215532852094436, (-7.0930120700062105, 27.69102744865188), (513.1868835887204, 450.37608139289216), 19), (1.9362068020091665, (-6.745048596608143, 17.62984852397335), (503.1257046640419, 450.0281179194941), 20), (2.0903859556083826, (-8.28708925721844, 14.487486284740271), (499.9833424248088, 451.5701585801044), 2), (2.6400080937865034, (-7.985784599000368, 4.3790987391215594), (489.8749548791901, 451.2688539218864), 75), (2.791156493458302, (-7.637530069344308, 2.7916917594849906), (488.28754789955354, 450.9205993922303), 4), (2.9349575762967266, (-8.30033635248185, 1.7399759545586448), (487.2358320946272, 451.5834056753678), 84)]


Agent 30, position of (467.2310144956228, 492.33296925547774), considering position of (479.73951327212905, 533.4734293690708)
[((475.28193248288005, 532.6368311884928), 36, 93), ((481.19685671945473, 531.7765165378551), 93, 94), ((480.849414163845, 534.4787715529181), 94, 71), ((477.9565790880653, 534.5274410046181), 71, 36)]
[(-1.7929697366456394, (-3.2065013281998063, -14.194174565630647), (540.9681367835328, 541.6660971394664), 31), (-1.5233515481677704, (0.5650719791008783, -11.901160425547005), (543.2611509236165, 537.8945238321658), 16), (-1.0951713187384533, (3.6800785342690006, -7.144914033303564), (548.0173973158599, 534.7795172769976), 35), (-0.8116554557307262, (5.372868885720379, -5.662699645258613), (549.4996117039049, 533.0867269255461), 11), (-0.24458080670464968, (27.619398074241417, -6.893175339523282), (548.2691360096402, 510.84019773702516), 67), (-0.11617181356811475, (33.38803942235984, -3.8962928621627952), (551.2660184870007, 505.07155638890674), 63), (-0.10727321181940913, (33.9745877708138, -3.658607789479561), (551.5037035596839, 504.4850080404528), 37)]


Agent 31, position of (539.872982040159, 531.0678592169864), considering position of (485.89991495070046, 529.3625648269139)
[((484.448210831552, 531.9192495243769), 93, 63), ((485.0954950884031, 525.08052167827), 63, 91), ((488.69275432802107, 525.6083499836823), 91, 26), ((488.7764682966743, 531.7380814388805), 26, 53), ((485.9612063460372, 533.1921972009029), 53, 93)]
[(0.31268741389650084, (21.1370829734515, 6.8334759103638305), (447.7558349531822, 506.8044031950685), 89), (0.34977927499688594, (20.39961517582347, 7.44133856208299), (448.3636976049014, 507.54187099269654), 17), (0.8957884433800286, (7.146766766868836, 8.928571437664772), (449.85093048048316, 520.7947194016512), 41), (1.4520350385827163, (1.4051939575286951, 11.776407607721524), (452.69876665053994, 526.5362922109913), 33), (1.733131653165931, (-1.965835772530113, 12.003160393371758), (452.92551943619014, 529.9073219410501), 54), (1.9808387225479342, (-7.390807204764428, 17.002806271020347), (457.92516531383876, 535.3322933732844), 32)]


Agent 32, position of (481.2900760059955, 533.3260106827009), considering position of (481.2900760059955, 533.3260106827009)
[((478.65278029710714, 533.1253537368281), 71, 93), ((481.7673769858638, 530.8989772238342), 93, 64), ((485.3419285188364, 532.7857904889811), 64, 2), ((480.41687636724424, 534.3439110106398), 2, 71)]
[(1.2319105667887866, (14.773182233871097, 41.91167406173605), (435.3433459667741, 472.9249769890814), 40), (1.3628110083782068, (7.032256696639422, 33.322365798126924), (426.75403770316495, 480.6659025263131), 66), (1.4809968876788902, (2.7863709167878596, 30.94537344550045), (424.37704535053854, 484.9117883061647), 60), (1.5376018955828108, (1.0154195006677753, 30.57881947925401), (424.0104913842921, 486.68273972228474), 90), (1.9488024552476066, (-12.974896705914887, 32.67391500655495), (426.10558691159304, 500.6730559288674), 42), (2.12424333071791, (-22.087499245313836, 35.748503962261935), (429.1801758673, 509.7856584682664), 55)]


Agent 33, position of (503.01571170380373, 498.372033044218), considering position of (503.5447665314184, 507.35646964254613)
[((499.89110401797876, 506.79248095893655), 95, 52), ((501.63033854243116, 505.14263203605003), 52, 90), ((504.5285462200938, 506.4042356517108), 90, 8), ((507.5549480946224, 511.0663553150415), 8, 95)]
[(-0.5567327718574945, (27.238867523889212, -16.95367161135303), (491.88164319621217, 569.961968101938), 31), (-0.2915485378473193, (28.414771771920982, -8.527273094718623), (500.30804171284655, 568.7860638539063), 20), (-0.09579982603805025, (29.85287644065994, -2.868681621076945), (505.96663318648825, 567.3479591851674), 58), (0.33025524590098015, (26.164118579080537, 8.969323705168506), (517.8046385127336, 571.0367170467467), 30), (0.4513061727883822, (33.05069844154934, 16.01858423749559), (524.8538990450608, 564.1501371842779), 34)]


Agent 34, position of (465.8491309893725, 531.4823001149546), considering position of (515.5534936191434, 510.3759897891721)
[((510.0344426103998, 509.5310130206949), 77, 9), ((511.00685898464286, 507.4149613149816), 9, 69), ((522.5782962986561, 510.83991019042026), 69, 22), ((523.1863000853607, 512.058461418681), 22, 74), ((523.175336045184, 512.106348438153), 74, 49), ((522.074827607363, 513.929170982352), 49, 77)]
[(1.913169582453918, (-9.161876511343678, 25.706050030754255), (451.5489699977559, 448.98991824386667), 40), (2.3499058433048132, (-16.902802048575353, 17.11674176714513), (442.9596617341468, 456.7308437810983), 65), (2.5329111476042496, (-21.148687828426915, 14.739749414518656), (440.5826693815203, 460.97672956094993), 59), (2.5814755795505757, (-22.919639244547, 14.373195448272213), (440.21611541527386, 462.74768097707), 89)]


Agent 35, position of (494.2907343296507, 511.2508008040278), considering position of (502.49288789021807, 505.53025214425116)
[((498.524573956859, 507.3758428479357), 96, 53), ((501.61923252402374, 503.56862843826866), 53, 77), ((503.27911100976894, 504.26224150878625), 77, 91), ((503.98294475006617, 507.1951089197655), 91, 9), ((503.9336850479063, 507.6436873400471), 9, 96)]
[(-2.7912753776235166, (-22.940077187671847, -8.382030945515396), (502.63608456382707, 436.3145613332149), 76), (-2.7260095116596856, (-22.591822658015786, -9.969437925151965), (501.0486775841905, 435.96630680355884), 4), (-2.49552217144135, (-22.388655304833662, -16.881547740416153), (494.1365677689263, 435.7631394503767), 40), (2.546349847417919, (-22.04730465867769, 14.929897764014925), (525.9480132733574, 435.4217888042207), 19), (2.9208762829064705, (-21.69934118527962, 4.868718839336395), (515.8868343486788, 435.0738253308226), 20), (3.0674493835523218, (-23.24138184588992, 1.7263566001033155), (512.7444721094457, 436.61586599143294), 2)]


Agent 36, position of (516.9248208278116, 506.5350958265036), considering position of (516.9248208278116, 506.5350958265036)
[((511.3831015909367, 507.87677306439946), 77, 96), ((519.1829236373104, 504.35661929497667), 96, 13), ((520.3902427431418, 506.3067144887831), 13, 2), ((512.8432083743227, 508.4022937822724), 2, 77)]
[(1.5699750701594943, (0.0196582887210468, 23.93683466779399), (453.31818536071614, 458.17145304393136), 40), (2.036917048759066, (-7.721267248510628, 15.347526404184862), (444.72887709710704, 465.91237858116307), 66), (2.3159806528699836, (-11.96715302836219, 12.970534051558388), (442.35188474448057, 470.15826436101463), 60), (2.3992216238426733, (-13.738104444482275, 12.603980085311946), (441.98533077823413, 471.9292157771347), 89), (2.6541492554405814, (-27.728420651064937, 14.699075612612887), (444.08042630553507, 485.9195319837174), 42)]


Agent 37, position of (540.1906409441284, 458.19549543077335), considering position of (512.6998372143739, 487.2515741457705)
[((509.7510996139766, 486.2822085213023), 72, 68), ((514.3145399378822, 484.2091059485392), 68, 88), ((517.5092944238272, 486.3697890616263), 88, 42), ((517.980076334261, 489.41992680904866), 42, 87), ((514.8726876629804, 490.2309456149991), 87, 72)]
[(-1.359944606067134, (7.353851481977927, -34.358490421865014), (509.28646200672415, 550.0769520600268), 31), (-1.253017030050688, (8.529755730009697, -25.932091905230607), (517.7128605233586, 548.901047811995), 20), (-0.9309102220551151, (6.279102537169251, -8.435495105343477), (535.2094573232457, 551.1517010048354), 30), (-0.5485784715962323, (10.050675844469936, -6.142480965259836), (537.5024714633294, 547.3801276975348), 16), (-0.10490497951721438, (13.165682399638058, -1.3862345730163952), (542.2587178555727, 544.2651211423666), 34), (0.006459511802057858, (14.858472751089437, 0.09597981502855646), (543.7409322436176, 542.5723307909152), 11)]


Agent 38, position of (491.57471617040744, 528.2849714444062), considering position of (490.7466164489476, 461.2900891708226)
[((490.43391941531513, 459.8657887668439), 84, 4), ((492.4035563075148, 460.1055971884614), 4, 75), ((492.73796118661335, 460.68183523314406), 75, 64), ((491.9401180221231, 462.20108774111384), 64, 45), ((488.16666726240993, 462.72060962441344), 45, 84)]
[(1.5480605076301224, (0.6508929646228694, 28.623591848285486), (448.6314281802247, 458.8026877198332), 39), (1.9109368468420715, (-7.090032572608806, 20.03428358467636), (440.04211991661555, 466.54361325706486), 65), (2.1415245606723046, (-11.335918352460368, 17.657291232049886), (437.6651275639891, 470.7894990369165), 59), (2.219415837273014, (-13.106869768580452, 17.290737265803443), (437.29857359774263, 472.56045045303654), 89), (2.520593368101748, (-27.097185975163114, 19.385832793104385), (439.3936691250436, 486.55076665961917), 41)]


Agent 39, position of (483.74701383959933, 528.1660880684847), considering position of (497.95965291511317, 471.9344164722287)
[((495.68872930311915, 467.48126305012977), 29, 83), ((500.9278000529313, 472.65427304345593), 83, 44), ((496.9773798857475, 473.3893942995404), 44, 29)]
[(-2.6715419121948, (-13.535098398867746, -6.876232425090961), (501.13028604340263, 445.719540122019), 75), (-2.5709861993667933, (-13.186843869211685, -8.46363940472753), (499.54287906376607, 445.37128559236294), 4), (-2.272045258970548, (-12.983676516029561, -15.375749219991718), (492.6307692485019, 445.1681182391808), 40), (2.2264721741860303, (-12.642325869873588, 16.43569628443936), (524.442214752933, 444.8267675930248), 19), (2.663261839094008, (-12.29436239647552, 6.37451735976083), (514.3810358282544, 444.4788041196267), 20), (2.912109799810797, (-13.836403057085818, 3.23215512052775), (511.23867358902135, 446.02084478023704), 2)]


Agent 40, position of (539.695392170456, 479.8048833622903), considering position of (538.9403853259495, 458.8184600208834)
[((537.6135953743318, 460.50197879081134), 24, 6), ((537.2584467781198, 454.33769299668916), 6, 18), ((544.0838251400722, 464.13810341016506), 18, 36), ((543.942967413828, 464.2453820220791), 36, 24)]
[(-3.0362009712404725, (-30.476065911200152, -3.2238689805148226), (463.3002724818067, 443.1575799184735), 65), (-2.9816641889745195, (-34.721951691051714, -5.600861333141296), (460.9232801291803, 447.40346569832514), 59), (2.1129477633846667, (-22.393789727812504, 37.17688478752538), (503.7010262498469, 435.07530373508587), 18), (2.253430800732035, (-22.045826254414436, 27.115705862846852), (493.6398473251684, 434.7273402616878), 19), (2.6045580308241916, (-23.28656225680666, 13.86495607799506), (480.3890975403166, 435.9680762640801), 75), (2.650150404009928, (-22.9383077271506, 12.277549098358492), (478.8016905606801, 435.619821734424), 4), (2.9098354826990884, (-22.735140373968477, 5.365439283094304), (471.88958074541586, 435.41665438124187), 39)]


Agent 41, position of (510.8208146693943, 488.10106460276205), considering position of (498.46465045590776, 472.37448818164114)
[((497.00287818288854, 473.3503254301486), 44, 29), ((496.87175004978656, 469.47780927684886), 29, 83), ((503.18166822887025, 473.49527876531215), 83, 44)]
[(2.048416411959537, (-23.607291072342377, 45.61005461236812), (495.2678564250042, 433.861802390556), 19), (2.150182513502635, (-23.25932759894431, 35.54887568768959), (485.20667750032567, 433.51383891715795), 20), (2.432747587977974, (-24.151809071680475, 20.710718923201227), (470.3685207358373, 434.4063203898941), 4), (2.6188757638583415, (-23.94864171849835, 13.79860910793704), (463.45641092057315, 434.203153036712), 40), (2.97866444607383, (-31.689567255730026, 5.209300844327913), (454.867102656964, 441.94407857394367), 66), (3.0629387003753457, (-35.93545303558159, 2.83230849170144), (452.4901103043375, 446.18996435379523), 60)]


Agent 42, position of (491.57551341816276, 464.24346423879757), considering position of (517.9526807516277, 505.5380770044162)
[((516.5680669769031, 505.96346501262065), 69, 96), ((518.6271555946743, 501.75986331608345), 96, 13), ((522.4488244301552, 508.9304012319544), 13, 22), ((522.5830110650777, 510.85909418217216), 22, 69)]
[(-0.15572198695197514, (14.59150884972155, -2.2907652673710004), (467.21944509693293, 546.4646665633018), 54), (0.2873401943172054, (9.166537417487234, 2.708880610277589), (472.2190909745815, 551.8896379955361), 32), (0.8222958229256319, (10.342441665519004, 11.135279126911996), (480.6454894912159, 550.7137337475043), 21), (1.2953646807245, (8.091788472678559, 28.631875926799125), (498.14208629110306, 552.9643869403448), 31)]


Agent 43, position of (510.86290172509035, 467.1720559701377), considering position of (510.3536188604453, 487.1655706927616)
[((501.1604872706281, 483.7935756382549), 12, 44), ((501.1971082014372, 483.7593506100564), 44, 69), ((514.2946053350414, 485.88493215398813), 69, 72), ((509.6929538738763, 488.7846559421658), 72, 12)]
[(-1.6874659291214307, (-3.105941098697258, -26.500783007679786), (553.2747452255819, 541.7666573689689), 31), (-1.3788276549535836, (3.780638763771549, -19.451522475352704), (560.324005757909, 534.8800775065001), 35), (-1.2751258369069303, (5.4734291152229275, -17.969308087307752), (561.8062201459541, 533.1872871550488), 11), (-0.788848729404963, (21.662673147063487, -21.812688346980337), (557.9628398862815, 516.9980431232082), 47), (-0.6057651695946599, (27.719958303743965, -19.19978378157242), (560.5757444516894, 510.9407579665277), 67), (-0.4506308432138941, (33.48859965186239, -16.202901304211935), (563.5726269290499, 505.1721166184093), 63), (-0.4381558668218645, (34.07514800031635, -15.9652162315287), (563.8103120017331, 504.58556826995533), 37)]


Agent 44, position of (547.8450957702044, 470.510420269639), considering position of (547.8450957702044, 470.510420269639)
[((646.0167798073036, 489.5451373234854), 0, 66), ((631.0308348352728, 487.39179998073655), 66, 62), ((546.6008713019695, 471.39920786701987), 62, 38), ((546.5774693094866, 469.60268359670584), 38, 2), ((647.4852514066489, 462.0346085241374), 2, 0)]
[(-1.7343577586977168, (-7.653377612337408, -46.374055917087105), (577.1973318496268, 542.3907964435008), 31), (-1.5535188502011066, (0.6622046880793846, -38.32381374302696), (585.2475740236871, 534.0752141430839), 35), (-1.5064355028189091, (2.4705294210617126, -38.332592541233566), (585.2387952254804, 532.2668894101016), 11), (-0.9549551508653135, (27.284814380168996, -38.55698195803052), (585.0144058086835, 507.4526044509944), 66), (-0.8869451383816113, (31.027980333553927, -38.06876330552234), (585.5026244611917, 503.7094384976094), 62), (-0.7620303136757891, (40.47783801773204, -38.62894603077001), (584.9424417359439, 494.25958081343134), 19)]


Agent 45, position of (504.55516346225244, 505.03534428583396), considering position of (504.55516346225244, 505.03534428583396)
[((505.05497490700907, 506.86187090465535), 95, 2), ((502.8748774050759, 503.9927691927925), 2, 77), ((505.89210220572636, 504.06635717666404), 77, 9), ((505.28246777592, 506.92213942882154), 9, 95)]
[(-1.9220910548810552, (-13.557690517961191, -36.99269416707119), (565.6534148225796, 531.9783403864474), 31), (-1.7908316472996924, (-6.719726301543517, -30.044850227596157), (572.6012587620546, 525.1403761700296), 35), (-1.759543373195207, (-5.52591988400053, -28.928359316748185), (573.7177496729025, 523.9465697524868), 11), (-1.259522505223533, (10.637459137784617, -33.06304334531825), (569.5830656443325, 507.78319073070156), 47), (-1.0413129320264392, (17.400436902071164, -29.732988882011625), (572.9131201076391, 501.020212966415), 67), (-0.8689105226730895, (23.368566450969638, -27.638191682406443), (575.0079173072443, 495.05208341751654), 63), (-0.8523866738439696, (23.955114799423598, -27.40050660972321), (575.2456023799275, 494.4655350690626), 37), (-0.7690255627726565, (31.20218017066884, -30.196828882895318), (572.4492801067554, 487.21846969781734), 19)]


Agent 46, position of (519.4051923749977, 475.074172396333), considering position of (517.9158528514957, 503.0345348364684)
[((518.5695214492486, 505.69350551719936), 69, 96), ((513.3592205428265, 499.5358294481035), 96, 87), ((520.4353116182139, 496.84014784914325), 87, 56), ((520.4354102830908, 496.8406964127171), 56, 13), ((519.8375484328081, 506.1237678176967), 13, 69)]
[(-1.5108231985636464, (1.787358996493083, -29.766924372353174), (556.5408865902554, 546.6599574641593), 30), (-1.2060645184852319, (8.67393885896189, -22.71766384002609), (563.5901471225825, 539.7733776016905), 34), (-1.1166490671909777, (10.366729210413268, -21.23544945198114), (565.0723615106274, 538.0805872502391), 11), (-0.6032093455497796, (32.613258398934306, -22.46592514624581), (563.8418858163627, 515.834058061718), 66), (-0.4694271265280885, (38.38189974705273, -19.469042668885322), (566.8387682937232, 510.06541671359963), 62), (-0.45844294269407354, (38.96844809550669, -19.231357596202088), (567.0764533664064, 509.4788683651457), 36)]


Agent 47, position of (462.0553120894765, 479.1524462129229), considering position of (462.69049808771973, 491.13562353563805)
[((460.296652571368, 492.33383708982683), 57, 33), ((461.2434850388482, 489.4858280020823), 33, 49), ((464.8642937584161, 490.3906813811973), 49, 94), ((464.710806046189, 493.1017764346907), 94, 57)]
[(-1.5551519448560076, (0.07496489409948026, -4.791418318049182), (531.5653805359514, 544.9475633617657), 30), (-0.925127617141737, (2.836412375855275, -3.764853996883744), (532.5919448571168, 542.1861158800099), 10), (-0.5760378377989102, (3.846538201400165, -2.49840417796554), (533.858394676035, 541.175990054465), 15), (0.3136263600266409, (6.961544756568287, 2.2578422142779004), (538.6146410682784, 538.0609834992969), 34), (0.4079194835965177, (8.654335108019666, 3.740056602322852), (540.0968554563234, 536.3681931478454), 11)]


Agent 48, position of (490.5928986315276, 457.6843603816916), considering position of (490.5928986315276, 457.6843603816916)
[((483.8001105980501, 454.38414971521524), 84, 39), ((480.4293530960921, 358.20218940518316), 39, 0), ((502.68923807528455, 358.4186635271726), 0, 19), ((504.3111023319813, 412.10617521889776), 19, 2), ((490.80179674732466, 459.53212426173536), 2, 84)]
[(2.290541581489808, (-43.14393599481292, 49.21638706471299), (491.6615239726593, 414.3251574680855), 18), (2.400591312312425, (-42.79597252141485, 39.15520814003446), (481.6003450479808, 413.9771939946874), 19), (2.609859945792036, (-44.03670852380708, 25.90445835518267), (468.349595263129, 415.21792999707964), 75), (2.760871658220116, (-43.485286640968894, 17.404941560281912), (459.8500784682283, 414.6665081142414), 39), (2.971169735070189, (-51.22621217820057, 8.815633296672786), (451.2607702046191, 422.4074336514731), 65), (3.0260398187222695, (-55.47209795805213, 6.438640944046313), (448.88377785199265, 426.6533194313247), 59)]


Agent 49, position of (517.3669506471713, 461.3152851090107), considering position of (520.1262588041272, 471.96358161572743)
[((514.1488420995668, 471.2349583403537), 30, 71), ((514.4481925369978, 470.75744648935796), 71, 27), ((526.1224673139305, 470.92597418853984), 27, 50), ((525.6716510531231, 474.8787940951797), 50, 30)]
[(-1.9868351057559777, (-16.90650125318959, -38.264744649097224), (565.0387068669994, 527.9660972144766), 31), (-1.8813988876257957, (-10.019921390720782, -31.215484116770142), (572.0879673993265, 521.0795173520078), 35), (-1.8438616499591916, (-8.327131039269403, -29.73326972872519), (573.5701817873714, 519.3867270005564), 11), (-1.3407860700667018, (7.862112992571156, -33.576649988397776), (569.7268015276989, 503.19748296871586), 46), (-1.1483261841592154, (13.919398149251634, -30.96374542298986), (572.3397060931068, 497.14019781203535), 66), (-0.9574059505760912, (19.688039497370056, -27.966862945629373), (575.3365885704673, 491.37155646391693), 62), (-0.9394593813470205, (20.274587845824016, -27.72917787294614), (575.5742736431505, 490.78500811546303), 37), (-0.8614050476437709, (26.79525124919431, -31.212770239362158), (572.0906812767345, 484.2643447120927), 19)]


Agent 50, position of (489.0486774920906, 535.4587722994456), considering position of (489.0486774920906, 535.4587722994456)
[((489.09084777304844, 532.0861751301414), 2, 26), ((491.0029515151683, 536.3202031239042), 26, 67), ((487.57424034550274, 536.7641071313064), 67, 2)]
[(-2.502428054395354, (-21.479326429304223, -15.964426191820166), (561.2042612205781, 511.1730192968557), 35), (-2.4938870262231, (-20.76871418279856, -15.713409379367874), (561.4552780330305, 510.46240705035007), 11), (-1.817891034166051, (-5.198694689010779, -20.60933673775719), (556.5593506746411, 494.8923875565623), 47), (-1.3123019198740666, (4.266140240792026, -16.134561857520282), (561.0341255548781, 485.4275526267595), 66), (-1.0271555936913124, (9.005087950502315, -14.899480893780208), (562.2692065186181, 480.68860491704925), 62), (-0.9914795010789551, (9.591636298956274, -14.661795821096973), (562.5068915913014, 480.10205656859523), 37), (-0.751980532813779, (17.229573068051167, -16.11486594685607), (561.0538214655422, 472.4641197995004), 19)]


Agent 51, position of (536.9352307454028, 459.5352607930562), considering position of (536.9352307454028, 459.5352607930562)
[((528.4358060100403, 460.5534687293343), 24, 19), ((528.4401621211209, 460.52795168841453), 19, 2), ((538.8657980756876, 458.4243740504812), 2, 18), ((540.3157294255238, 461.1911469416543), 18, 24)]
[(-1.889496480601801, (-15.28111001770128, -46.313771688675274), (573.0877339065775, 529.5914884499649), 30), (-1.7814198087339161, (-8.394530155232474, -39.26451115634819), (580.1369944389046, 522.7049085874961), 34), (-1.7463481792720654, (-6.701739803781095, -37.78229676830324), (581.6192088269495, 521.0121182360447), 10), (-1.191623547885579, (15.544789384739943, -39.01277246256791), (580.3887331326848, 498.7655890475237), 66), (-1.0364439508990109, (21.313430732858365, -36.01588998520742), (583.3856156100453, 492.99694769940527), 62), (-1.021524397589074, (21.899979081312324, -35.77820491252419), (583.6233006827285, 492.4103993509513), 36), (-0.9442257814582242, (28.420642484682617, -39.26179727894021), (580.1397083163125, 485.889735947581), 18)]


Agent 52, position of (525.746849032295, 535.6467974463739), considering position of (525.746849032295, 535.6467974463739)
[((530.1084907919835, 531.3005866573349), 2, 16), ((528.5707371445509, 536.4303558649787), 16, 10), ((523.6129819143717, 540.554437004058), 10, 31), ((517.5363366628318, 541.230953053744), 31, 2)]
[(-1.5469822960496222, (1.1587432705791798, -48.64880836315274), (575.4227705810549, 546.0313417382454), 31), (-1.3797555819048366, (8.045323133047987, -41.59954783082566), (582.472031113382, 539.1447618757766), 35), (-1.3326614377620956, (9.738113484499365, -40.117333442780705), (583.954245501427, 537.4519715243252), 11), (-0.9123921111876113, (31.984642673020403, -41.347809137045374), (582.7237698071623, 515.2054423358042), 67), (-0.793250952991413, (37.753284021138825, -38.35092665968489), (585.7206522845228, 509.43680098768573), 63), (-0.7824343830364123, (38.339832369592784, -38.11324158700165), (585.958337357206, 508.85025263923177), 37)]


Agent 53, position of (454.9585645746253, 487.6746897032187), considering position of (454.9585645746253, 487.6746897032187)
[((356.4291618643721, 504.76143314838066), 0, 89), ((455.96213849273875, 486.45243655774675), 89, 2), ((454.2852251391849, 493.81558106635475), 2, 33), ((451.8329215290131, 498.29363009599916), 33, 57), ((448.5348185603116, 501.8873709035627), 57, 41), ((358.7898968335982, 515.089783081064), 41, 0)]
[(0.9653121674358339, (29.130113531030304, 42.082270932480014), (413.24014786355895, 511.2555309204071), 59), (0.9903211379122384, (27.35916211491022, 41.71571696623357), (412.8735938973125, 513.0264823365272), 89), (1.2746219754484909, (13.368845908327557, 43.81081249353451), (414.96868942461344, 527.0167985431099), 41), (1.4802647568011627, (4.256243368928608, 46.8854014492415), (418.04327838032043, 536.1294010825088), 54), (1.593317853061319, (-1.168728063305707, 51.88504732689009), (423.04292425796905, 541.5543725147431), 31)]


Agent 54, position of (489.88170233826276, 460.3072459086086), considering position of (491.6934909164165, 461.1542536701264)
[((486.79543458787583, 460.94242039328105), 46, 4), ((492.5169584824552, 459.58868961461235), 4, 76), ((493.46880196032333, 460.87171523611596), 76, 65), ((492.024891601045, 462.4701661327106), 65, 46)]
[(-2.1902947367430574, (-12.739863968042357, -17.8641624491147), (561.701074507761, 514.9739940717834), 11), (-1.4132114759369432, (3.449380063798202, -21.707542708787287), (557.8576942480884, 498.7847500399429), 47), (-1.1088534251778175, (9.50666522047868, -19.09463814337937), (560.4705988134963, 492.7274648832624), 67), (-0.811607296701104, (15.275306568597102, -16.097755666018884), (563.4674812908568, 486.958823535144), 63), (-0.785341914488064, (15.861854917051062, -15.86007059333565), (563.70516636354, 486.37227518669005), 37)]


Agent 55, position of (516.6885992727683, 503.8347166597889), considering position of (538.8495958907964, 476.7443082299452)
[((537.9400598783426, 474.52177587902673), 82, 39), ((543.8564355028302, 477.7826208439684), 39, 5), ((536.8945909672323, 479.29461771165506), 5, 82)]
[(-2.9262805282779696, (-27.07438722771616, -5.9212292764051995), (500.1752828947169, 432.18025129317056), 76), (-2.867705685958779, (-26.7261326980601, -7.508636256041768), (498.5878759150803, 431.8319967635145), 4), (-2.643593052798254, (-26.522965344877974, -14.420746071305956), (491.6757660998161, 431.6288294103324), 40), (2.5552766048229216, (-26.181614698722, 17.39069943312512), (523.4872116042472, 431.2874787641764), 19), (2.8651378459673063, (-25.833651225323933, 7.329520508446592), (513.4260326795686, 430.93951529077833), 20), (2.989817227536343, (-27.37569188593423, 4.187158269213512), (510.2836704403356, 432.4815559513886), 2)]


Agent 56, position of (467.73007360782196, 488.9020705327657), considering position of (461.0867677469286, 486.6960589193285)
[((459.8480337258602, 488.16898983403735), 34, 62), ((459.6389172917766, 482.6018139349778), 62, 60), ((459.9174426488536, 482.25054653863054), 60, 15), ((466.5180283811788, 482.9580421501489), 15, 50), ((461.0788847260616, 488.9238780456433), 50, 34)]
[(2.1021187763616265, (-28.473778554792716, 48.44993831786314), (472.3056148701521, 428.29938796130955), 20), (2.2888836041214837, (-29.36626002752888, 33.61178155337478), (457.46745810566375, 429.1918694340457), 4), (2.4002636662411376, (-29.163092674346757, 26.699671738110595), (450.5553482903996, 428.9887020808636), 40), (2.6853785799599907, (-36.90401821157843, 18.11036347450147), (441.96604002679044, 436.72962761809526), 66), (2.7764000173932226, (-41.149903991429994, 15.733371121874995), (439.58904767416396, 440.9755133979468), 60), (2.7977849702049635, (-42.92085540755008, 15.366817155628553), (439.2224937079175, 442.74646481406694), 90)]


Agent 57, position of (496.4748422480753, 472.3908106527727), considering position of (497.4712407395638, 472.3060165128851)
[((497.6994728311857, 469.8413915341218), 2, 83), ((500.1333151147842, 472.35781986751465), 83, 43), ((492.7608257965139, 475.69878874101016), 43, 2)]
[(-2.4639183712301125, (-31.8588336179632, -25.640690423399292), (569.4776024820455, 495.8550244218626), 11), (-1.9143304084097361, (-9.612304429442162, -26.87116611766396), (568.2471267877809, 473.6084952333416), 66), (-1.7304225322418416, (-3.84366308132374, -23.874283640303474), (571.2440092651414, 467.8398538852232), 62), (-1.7077335557511, (-3.2571147328697805, -23.63659856762024), (571.4816943378246, 467.2533055367692), 36), (-1.4510356975613081, (3.263548670500512, -27.12019093403626), (567.9981019714086, 460.73264213339894), 19)]


Agent 58, position of (498.0159403330085, 515.436081800677), considering position of (498.0159403330085, 515.436081800677)
[((496.02055728399415, 516.4017294779349), 82, 14), ((497.90008858215447, 510.9161504181642), 14, 97), ((497.92414896979545, 510.88588256446684), 97, 95), ((497.9618975703873, 510.9135562642414), 95, 2), ((498.9704337027537, 516.8266513982335), 2, 82)]
[(1.5700119726620483, (0.023536880733217913, 30.007970788683252), (447.2470492398269, 458.17533163594356), 40), (1.9166275683545273, (-7.717388656498457, 21.418662525074126), (438.6577409762178, 465.91625717317527), 66), (2.1317423041226955, (-11.96327443635002, 19.041670172447652), (436.2807486235913, 470.1621429530268), 60), (2.2049067220049636, (-13.734225852470104, 18.67511620620121), (435.91419465734486, 471.9330943691469), 89), (2.4986271944426894, (-27.724542059052766, 20.77021173350215), (438.0092901846458, 485.9234105757296), 42)]


Agent 59, position of (500.51218229632315, 503.24282450397055), considering position of (501.50387161551913, 503.37148022359673)
[((496.30225471597754, 498.9364203497255), 2, 6), ((501.3373810992306, 500.15627126787035), 6, 8), ((502.0042709295741, 500.9574573209277), 8, 76), ((502.91463935353823, 504.41408263234666), 76, 90), ((501.9228823802326, 506.23282494145064), 90, 2)]
[(-2.8248043893242425, (-27.654700828072464, -9.066005660715064), (503.32005927902674, 431.59993769281425), 75), (-2.769612662841049, (-27.306446298416404, -10.653412640351632), (501.73265229939017, 431.2516831631582), 4), (-2.5665571958300815, (-27.10327894523428, -17.56552245561582), (494.820542484126, 431.04851580997604), 40), (2.6524241971223916, (-26.761928299078306, 14.245923048815257), (526.6319879885571, 430.7071651638201), 19), (2.9844693270440654, (-26.41396482568024, 4.184744124136728), (516.5708090638785, 430.359201690422), 20)]


Agent 60, position of (501.5785145442646, 510.30598369509704), considering position of (481.624862593878, 529.9490937808964)
[((478.5058229981274, 522.8937526648639), 93, 18), ((479.83483460878546, 523.2462536110702), 18, 64), ((483.473190777781, 531.6416174946254), 64, 94), ((480.93757227848647, 532.0067652043958), 94, 93)]
[(-0.37828252688785613, (33.43913414416545, -13.289468374724038), (488.21743995958315, 576.1622347222143), 32), (-0.13957657796317055, (34.61503839219722, -4.863069858089631), (496.6438384762175, 574.9863304741825), 21), (0.37216222205182486, (32.364385199356775, 12.633526941797498), (514.1404352761047, 577.236983667023), 31)]


Agent 61, position of (464.6735601451233, 526.1112222455646), considering position of (465.2687178057089, 529.0515942218708)
[((445.88863641168047, 528.1472940064756), 54, 41), ((454.49681045250435, 524.5208593460233), 41, 28), ((460.2807939218772, 524.5709187480855), 28, 99), ((466.2899306655555, 526.3348762282028), 99, 2), ((472.2414985199616, 530.282715326337), 2, 92), ((472.13083792113105, 531.3098473628443), 92, 54)]
[(-0.20928198467057899, (45.63516987504312, -9.692541557442297), (474.6212213870042, 577.5083275886234), 54), (-0.11618348059945965, (40.2101984428088, -4.692895679793708), (479.6208672646528, 582.9332990208577), 32), (0.08996798124116262, (41.38610269084057, 3.7335028368406995), (488.04726578128725, 581.7573947728258), 21), (0.49704941678190556, (39.13544949800013, 21.23009963672783), (505.5438625811744, 584.0080479656663), 31)]


Agent 62, position of (475.7858844863005, 465.1683980486847), considering position of (534.127045565086, 473.9609473933974)
[((532.45258761778, 475.31817349118796), 45, 51), ((532.9334049767775, 473.608535747556), 51, 85), ((537.3059565999038, 470.143337745998), 85, 39), ((537.2372148642567, 473.1137549612656), 39, 81), ((534.4646745451772, 475.70736009115046), 81, 45)]
[(-2.5833914116528907, (-23.895930121616658, -14.921731525689495), (558.7586435843357, 503.8179279182092), 11), (-1.9604860478526809, (-7.706686089776099, -18.76511178536208), (554.9152633246631, 487.6286838863686), 47), (-1.6725597180569063, (-1.6494009330956203, -16.152207219954164), (557.528167890071, 481.5713987296881), 67), (-1.2673435939598188, (4.1192404150228015, -13.155324742593677), (560.5250503674315, 475.8027573815697), 63), (-1.2214466547207836, (4.705788763476761, -12.917639669910443), (560.7627354401147, 475.2162090331158), 37), (-0.9705569069107235, (11.226452166847054, -16.401232036326462), (557.2791430736988, 468.6955456297454), 19)]


Agent 63, position of (499.4873733224133, 468.96504882384386), considering position of (491.9747466448264, 460.93009764768794)
[((490.05397469907297, 461.61440680240844), 46, 84), ((490.5820644086717, 460.10085960865325), 84, 4), ((492.569181339191, 459.35064841135505), 4, 76), ((493.738852013045, 460.9418770369596), 76, 65), ((491.98630224063675, 462.34768029262403), 65, 46)]
[(1.4649201148365476, (4.093037565423828, 38.51414819228242), (438.7408718362277, 462.24483232063415), 40), (1.6920995039993045, (-3.6478879718078474, 29.924839928673293), (430.1515635726186, 469.98575785786585), 66), (1.8498663777410558, (-7.89377375165941, 27.54784757604682), (427.77457121999214, 474.2316436377174), 60), (1.9124204796918298, (-9.664725167779494, 27.181293609800377), (427.4080172537457, 476.00259505383747), 89), (2.2503905092426053, (-23.655041374362156, 29.27638913710132), (429.50311278104664, 489.99291126042016), 42), (2.3625929691822964, (-32.767643913761106, 32.350978092808305), (432.5777017367536, 499.1055137998191), 55)]


Agent 64, position of (515.730398326811, 482.1686693707777), considering position of (510.8898866423805, 485.71401091044504)
[((502.71205992984943, 484.31423929553875), 12, 69), ((516.6293551864111, 484.745670301505), 69, 43), ((516.6228359261644, 486.3568130270921), 43, 73), ((509.18268053679003, 487.64335281830074), 73, 12)]
[(-0.6101454282967873, (18.8414532746815, -13.172726076741071), (488.1006976616002, 561.5645538527303), 32), (-0.23281115582114614, (20.01735752271327, -4.746327560106664), (496.5270961782346, 560.3886496046986), 21), (0.04249336378343643, (21.455462191452227, 0.9122639135350141), (502.18568765187626, 558.9505449359597), 59), (0.622473418431816, (17.766704329872823, 12.750269239780465), (514.0236929781217, 562.639302797539), 31)]


Agent 65, position of (514.7082781681578, 460.8286477316025), considering position of (514.7082781681578, 460.8286477316025)
[((512.422108704692, 463.2315817592813), 71, 2), ((515.4452406472909, 458.25234758365787), 2, 37), ((516.9125684604509, 465.59166409051875), 37, 26), ((516.272667963682, 465.98411450077685), 26, 71)]
[(-1.3489648727277943, (7.137068343617784, -31.643901492778667), (506.57187307763775, 549.8601689216666), 31), (-1.2269701676245832, (8.312972591649554, -23.21750297614426), (514.9982715942722, 548.6842646736349), 20), (-0.7564317545712322, (6.062319398809109, -5.720906176257131), (532.4948683941593, 550.9349178664753), 30), (-0.3354086565782881, (9.833892706109793, -3.427892036173489), (534.787882534243, 547.1633445591747), 15), (0.10222675030631893, (12.948899261277916, 1.3283543560699513), (539.5441289264863, 544.0483380040065), 34), (0.18964968072406732, (14.641689612729294, 2.810568744114903), (541.0263433145313, 542.3555476525551), 10)]


Agent 66, position of (524.6508005674615, 502.72093133718846), considering position of (524.6508005674615, 502.72093133718846)
[((521.7674236094786, 496.03381063453764), 13, 60), ((522.0061833541403, 496.04780303054065), 60, 2), ((525.8805780646048, 503.5632561207233), 2, 22), ((523.8938843130521, 505.1520028340318), 22, 13)]
[(-0.4261815448481427, (32.57331756309213, -14.788529731080985), (479.7172095606429, 564.4464752766723), 55), (-0.3460602451371479, (27.148346130857817, -9.788883853432395), (484.71685543829153, 569.8714467089067), 32), (-0.048066087710106134, (28.324250378889587, -1.3624853367979881), (493.1432539549259, 568.6955424608749), 21), (0.14335679173885968, (29.762355047628546, 4.29610613684369), (498.8018454285676, 567.257437792136), 58), (0.5541220680571767, (26.073597186049142, 16.13411146308914), (510.63985075481304, 570.9461956537153), 31)]


Agent 67, position of (487.2274374292805, 522.2014096472554), considering position of (488.6717475124314, 533.1061777962676)
[((485.2896662094045, 532.1588496880815), 93, 64), ((487.5442812299836, 529.2232918566929), 64, 26), ((493.25309434494756, 533.578652582331), 26, 54), ((485.5675606019089, 534.8100199401651), 54, 93)]
[(-1.1653055102366985, (19.65054712556355, -45.77552318827506), (520.7034947731341, 562.3736477036124), 32), (-1.0621250794349952, (20.82645137359532, -37.34912467164065), (529.1298932897686, 561.1977434555806), 21), (-0.81860960861482, (18.575798180754873, -19.852527871753523), (546.6264900896557, 563.4483966484211), 31), (-0.46590966550281654, (25.46237804322368, -12.80326733942644), (553.6757506219828, 556.5618167859523), 35), (-0.3949919040415429, (27.15516839467506, -11.321052951381489), (555.1579650100277, 554.8690264345009), 11)]


Agent 68, position of (511.9099545857833, 483.1086188592886), considering position of (537.5348115139489, 474.6017564875886)
[((535.043671028732, 473.80825032962593), 81, 85), ((537.5781693359795, 468.51234128945583), 85, 25), ((537.8669267443191, 468.49430513307925), 25, 39), ((539.4687500058602, 477.4070536123661), 39, 5), ((539.277184233123, 477.4748943125687), 5, 81)]
[(-3.0380561414690685, (-38.23738505105243, -3.9731728557701445), (551.8182686259745, 432.27303521858653), 37), (-2.910681029951205, (-31.716721647682135, -7.4567652221861636), (548.3346762595585, 425.7523718152163), 19), (-2.6322835889629688, (-31.368758174284068, -17.517944146864693), (538.27349733488, 425.4044083418182), 20), (-2.354726444689913, (-32.26123964702023, -32.35610091135305), (523.4353405703916, 426.29688981455433), 4), (-2.255450015231716, (-32.05807229383811, -39.26821072661724), (516.5232307551274, 426.09372246137224), 40)]


Agent 69, position of (489.58424183294693, 536.683125824415), considering position of (489.58424183294693, 536.683125824415)
[((487.4797763289009, 537.2370143760337), 93, 54), ((489.91217370279765, 534.8775127907757), 54, 26), ((491.5925791573579, 536.3239404587682), 26, 2), ((487.33606647275036, 538.8230832087435), 2, 93)]
[(1.0006404177392685, (21.790408839780042, 33.984401775994854), (426.53777740191975, 490.6850528446362), 66), (1.1561341345217153, (13.875771795854178, 31.522562538703085), (424.075938164628, 498.59968988856207), 60), (1.2256395957650223, (11.314323480256235, 31.468052990183537), (424.02142861610844, 501.16113820416), 17), (1.6561119765462307, (-2.7641629034083053, 32.320601147406165), (424.87397677333104, 515.2396245878246), 42), (1.8948417407265998, (-11.748747444533876, 34.97846812514001), (427.5318437510649, 524.2242091289502), 55), (1.9730286814770404, (-16.694871886569956, 39.24261439812423), (431.79599002404916, 529.1703335709863), 32)]


Agent 70, position of (466.09955337747226, 519.5204068532267), considering position of (520.3896842081601, 472.2278948202759)
[((516.3202997838712, 471.335335198119), 29, 27), ((526.2786990865394, 470.4197370373149), 27, 50), ((525.7493326115601, 476.08789312690806), 50, 29)]
[(-2.9172946442795697, (-26.609987890585046, -6.070715490681408), (466.14711899197334, 447.02365793908865), 65), (2.0656925549241008, (-18.527711707197398, 34.330038277358796), (506.54787276001355, 438.941381755701), 19), (2.213719753322318, (-18.17974823379933, 24.268859352680266), (496.486693835335, 438.59341828230293), 20), (2.6255305359911523, (-19.420484236191555, 11.018109567828475), (483.2359440504832, 439.83415428469516), 75), (2.6823764146840445, (-19.072229706535495, 9.430702588191906), (481.6485370708466, 439.4858997550391), 4), (3.0088996055320614, (-18.86906235335337, 2.518592772927718), (474.73642725558244, 439.28273240185695), 39)]


Agent 71, position of (462.13791312614535, 493.2701324218566), considering position of (462.13791312614535, 493.2701324218566)
[((460.00710592995716, 492.16290129934134), 2, 34), ((461.60112278702195, 490.70681302698813), 34, 50), ((464.15776385754833, 491.3564726104569), 50, 94), ((465.89120156506146, 495.7517657609166), 94, 73), ((464.3379655215208, 496.431220723128), 73, 2)]
[(-3.124690210266983, (-39.68044763629368, -0.670760395504459), (460.74716389679634, 433.95319819338), 65), (-3.0723203988148033, (-43.92633341614524, -3.0477527481309323), (458.3701715441699, 438.1990839732316), 59), (2.2426788327871723, (-31.59817145290603, 39.729993372535745), (501.14791766483654, 425.87092200999234), 19), (2.3821476062470914, (-31.250207979507962, 29.668814447857216), (491.086738740158, 425.5229585365943), 20), (2.6737044613470418, (-32.49094398190019, 16.418064663005424), (477.8359889553062, 426.76369453898656), 75), (2.70929849761002, (-32.14268945224413, 14.830657683368855), (476.2485819756697, 426.4154400093305), 4), (2.898569598264722, (-31.939522099062003, 7.9185478681046675), (469.3364721604055, 426.21227265614834), 40)]


Agent 72, position of (480.7776310543174, 485.27006667510506), considering position of (479.095165867219, 533.2405712679713)
[((472.0656276026253, 532.0004800315319), 35, 54), ((472.13154253136435, 531.3175974356586), 54, 92), ((480.8970753311379, 532.0427271313479), 92, 93), ((480.5410624594331, 534.0513471543929), 93, 70), ((478.0772242487633, 534.784773397567), 70, 35)]
[(-1.3749767959841042, (7.346656581377147, -37.03671640506204), (511.9646879899211, 550.069757159426), 31), (-1.2812817883474281, (8.522560829408917, -28.61031788842763), (520.3910865065556, 548.8938529113942), 21), (-1.0570108841818726, (6.271907636568471, -11.113721088540501), (537.8876833064427, 551.1445061042347), 30), (-0.7206688591068947, (10.043480943869156, -8.82070694845686), (540.1806974465263, 547.372932796934), 16), (-0.2995881859994115, (13.158487499037278, -4.064460556213419), (544.9369438387698, 544.2579262417659), 34), (-0.172152595671045, (14.851277850488657, -2.582246168168467), (546.4191582268147, 542.5651358903144), 11)]


Agent 73, position of (453.73307425824953, 486.18390407323284), considering position of (453.73307425824953, 486.18390407323284)
[((361.43524845756656, 447.6986945445484), 0, 60), ((453.4134164290098, 483.71827776575043), 60, 2), ((454.9517579799714, 486.26807552513014), 2, 17), ((449.6638524452893, 497.7005573018449), 17, 34), ((446.9090661315447, 501.6334493276381), 34, 42), ((358.86619573763465, 517.81103419525), 42, 0)]
[(1.541587292691735, (1.7492244643893287, 59.86938730420033), (417.38563272430986, 459.9010192195997), 40), (1.6871115846689178, (-5.991701072842346, 51.280079040591204), (408.7963244607007, 467.6419447568313), 66), (1.777160519522745, (-10.237586852693909, 48.90308668796473), (406.41933210807423, 471.88783053668294), 60), (1.8245632089353732, (-12.746006066442021, 49.14439537343745), (406.6606407935469, 474.396249750431), 17), (2.0451779101509393, (-25.998854475396655, 50.63162824901923), (408.1478736691287, 487.64909815938563), 42), (2.149816508743338, (-35.111457014795604, 53.706217204726215), (411.2224626248357, 496.7617006987846), 55)]


Agent 74, position of (459.84529043655374, 490.6039048373517), considering position of (464.3367438583084, 494.5822017292652)
[((463.6321632100305, 491.6791313653333), 57, 49), ((463.9648388438733, 491.6201915073967), 49, 94), ((470.09431757728805, 496.59754539174753), 94, 73), ((462.77772107537254, 497.67908354982575), 73, 57)]
[(-1.3455864690301618, (6.761351487937532, -29.513150155323302), (504.44112174018244, 549.4844520659864), 32), (-1.2107904164689156, (7.937255735969302, -21.086751638688895), (512.8675202568168, 548.3085478179546), 21), (-1.0247500304629091, (9.37536040470826, -15.428160165047217), (518.5261117304585, 546.8704431492156), 58), (-0.5631423115905481, (5.686602543128856, -3.590154838801766), (530.3641170567039, 550.559201010795), 31), (-0.13629464703581556, (9.45817585042954, -1.297140698718124), (532.6571311967875, 546.7876277034943), 16), (0.2684756817872397, (12.573182405597663, 3.4591056935253164), (537.413377589031, 543.6726211483262), 34), (0.3334382582478703, (14.265972757049042, 4.941320081570268), (538.895591977076, 541.9798307968749), 11)]


Agent 75, position of (494.43495313347984, 460.2381401047247), considering position of (502.03273277054325, 501.5452066259221)
[((498.42032018762205, 498.5567654460059), 53, 6), ((502.8039766432521, 499.52797669819984), 6, 8), ((503.33491078194106, 501.5432565054733), 8, 76), ((501.62843149220066, 503.6936292242723), 76, 53)]
[(-2.095964351919971, (-14.432711705849442, -24.907841356622725), (551.6818035745249, 530.4398867618168), 31), (-1.9705894277364238, (-7.5461318433806355, -17.858580824295643), (558.731064106852, 523.553306899348), 35), (-1.9140714846290194, (-5.853341491929257, -16.37636643625069), (560.2132784948969, 521.8605165478966), 11), (-1.0982458538772302, (10.335902539911302, -20.219746695923277), (556.3698982352244, 505.671272516056), 47), (-0.8210787013725077, (16.39318769659178, -17.60684213051536), (558.9828028006323, 499.6139873593755), 67), (-0.5828432842668647, (22.161829044710203, -14.609959653154874), (561.9796852779928, 493.8453460112571), 63), (-0.563469544747942, (22.748377393164162, -14.37227458047164), (562.217370350676, 493.25879766280315), 37)]


Agent 76, position of (501.5598729511341, 514.5518268507731), considering position of (502.938191945818, 506.67145650738854)
[((498.74111216164766, 507.28340424026794), 95, 53), ((501.68449970772986, 504.45551587027865), 53, 76), ((502.47545494983063, 504.59704954395454), 76, 90), ((504.4375288398822, 506.53616933754574), 90, 9), ((505.0174655630579, 508.66803183346724), 9, 95)]
[(1.862500975025277, (-11.5361592852515, 38.419263807416485), (482.33628938059877, 445.23700723085074), 20), (2.0558562721931484, (-12.428640757987665, 23.581107042928124), (467.4981326161104, 446.12948870358696), 4), (2.2036053195484646, (-12.225473404805541, 16.668997227663937), (460.5860228008462, 445.9263213504048), 40), (2.7570718017441007, (-19.966398942037216, 8.07968896405481), (451.9967145372371, 453.66724688763645), 65), (2.910279382489326, (-24.21228472188878, 5.702696611428337), (449.6197221846106, 457.91313266748807), 59), (2.9390402809910685, (-25.983236138008863, 5.336142645181894), (449.2531682183642, 459.6840840836081), 89)]


Agent 77, position of (459.19916667100154, 487.5103315060861), considering position of (461.9866628965395, 490.3791055983791)
[((460.8484441956625, 488.13714779083836), 34, 50), ((464.4464408289493, 490.9618655503373), 50, 94), ((464.1895429810206, 492.23808765885104), 94, 58), ((460.2019149823166, 492.4005471988583), 58, 34)]
[(-2.786188183583226, (-19.741958394120786, -7.3275290025163144), (551.1644410611625, 507.97189964570504), 11), (-1.8787136867649412, (-3.552714362280227, -11.1709092621889), (547.3210608014899, 491.78265561386445), 47), (-1.2860886056266891, (2.5045707944002515, -8.558004696780984), (549.9339653668978, 485.725370457184), 66), (-0.5918126910351714, (8.273212142518673, -5.561122219420497), (552.9308478442583, 479.9567291090656), 62), (-0.541048417029455, (8.859760490972633, -5.3234371467372625), (553.1685329169416, 479.3701807606116), 37)]


Agent 78, position of (491.323168921564, 503.82937251095404), considering position of (502.24849692150275, 505.1089068378692)
[((501.5883477505226, 503.1489486558232), 52, 76), ((503.37473152747754, 504.2224054156468), 76, 90), ((503.4743229995999, 507.3452486304738), 90, 95), ((498.4853727373003, 507.3925775676052), 95, 52)]
[(-2.859259730875129, (-43.00315848893803, -12.474435862218911), (556.3113479208652, 484.7106995508878), 11), (-2.521240528476586, (-14.987987952298568, -10.708029079123094), (558.077754703961, 456.69552901424834), 62), (-2.512952172689507, (-14.401439603844608, -10.47034400643986), (558.3154397766442, 456.1089806657944), 36), (-2.0849091339410823, (-7.880776200474315, -13.953936372855878), (554.8318474102282, 449.5883172624241), 19), (-1.8747464255129698, (-7.532812727076248, -24.015115297534408), (544.7706684855497, 449.240353789026), 20)]


Agent 79, position of (521.519113041515, 485.22045961386084), considering position of (497.95189468164347, 470.10139156129435)
[((493.42208663996706, 467.8577708757923), 29, 45), ((493.6486169105722, 467.62400533872835), 45, 64), ((498.1384647275318, 464.85560148670083), 64, 83), ((499.4654987001447, 472.10863163554205), 83, 43), ((497.6874483858177, 472.3014168030396), 43, 29)]
[(0.8137267604494448, (16.73079091227973, 17.706615368390544), (442.36978813290136, 490.36443674195345), 65), (0.8873183181398344, (12.484905132428167, 15.32962301576407), (439.9927957802749, 494.61032252180496), 59), (0.9493951179640197, (10.713953716308083, 14.963069049517628), (439.62624181402845, 496.3812739379251), 89), (1.0009780487841586, (9.976485918680055, 15.570931701236788), (440.2341044657476, 497.1187417355531), 17), (1.7605554355676563, (-3.276362490274579, 17.05816457681857), (441.7213373413294, 510.37159014450776), 42), (2.1224361144664714, (-12.388965029673528, 20.132753532525555), (444.7959262970364, 519.4841926839067), 54)]


Agent 80, position of (506.1952615135973, 506.81132545306883), considering position of (506.1952615135973, 506.81132545306883)
[((503.70937365437885, 507.46171775050817), 95, 90), ((505.52526838424114, 505.7847599860677), 90, 2), ((511.25875315486263, 508.05963637928835), 2, 69), ((511.23306230191287, 508.50219931597906), 69, 77), ((507.9941442725862, 513.4508096117777), 77, 95)]
[(-0.9086356590363653, (27.487264530526772, -35.259391519620095), (510.18736310447923, 570.2103651085756), 31), (-0.7524316903255857, (28.663168778558543, -26.83299300298569), (518.6137616211136, 569.0344608605438), 20), (-0.33977504395020536, (26.412515585718097, -9.336396203098559), (536.1103584210007, 571.2851140533843), 30), (-0.06857691497990658, (33.299095448186904, -2.2871356707714767), (543.1596189533278, 564.3985341909155), 34), (-0.022999027828201325, (34.99188579963828, -0.8049212827265251), (544.6418333413728, 562.705743839464), 10)]


Agent 81, position of (478.1283068023263, 458.6390012932184), considering position of (497.34061582628107, 469.35754512939627)
[((492.24905593095065, 468.43185078754175), 29, 45), ((493.48956601819117, 467.11916457527184), 45, 64), ((499.466870158892, 463.5699556001073), 64, 83), ((498.49054416462656, 471.74483824617107), 83, 43), ((497.97937609908536, 471.85412082721655), 43, 29)]
[(-2.5681793582366703, (-19.8293103983128, -12.80566445664499), (560.6507602268493, 450.68110987132616), 37), (-2.255829441278078, (-13.308646994942507, -16.28925682306101), (557.1671678604333, 444.1604464679559), 19), (-2.027909478950002, (-12.96068352154444, -26.35043574773954), (547.1059889357548, 443.81248299455785), 20)]


Agent 82, position of (459.8358893515032, 474.6042914621016), considering position of (457.1902337038279, 485.281393418809)
[((455.9373089720788, 485.79472653200855), 17, 89), ((455.6778014367164, 484.0457962399469), 89, 60), ((459.6034651928515, 481.72245372457456), 60, 15), ((461.4113801151983, 482.94306342570263), 15, 62), ((457.11534416908046, 486.6716379333561), 62, 17)]
[(-1.1478736866677615, (8.276237381101623, -18.388262084817285), (493.3162336696764, 550.9993379591505), 32), (-0.8116475054370317, (9.452141629133394, -9.961863568182878), (501.7426321863108, 549.8234337111187), 21), (-0.37631766960661206, (10.890246297872352, -4.3032720945411995), (507.4012236599525, 548.3853290423797), 59), (-0.23171976551275064, (11.995851038622845, -2.830518738559533), (508.87397701593414, 547.2797243016292), 86), (0.8080083014661953, (7.201488436292948, 7.5347332317042515), (519.239228986198, 552.0740869039591), 31)]


Agent 83, position of (495.0607310377269, 513.4155746994629), considering position of (495.0607310377269, 513.4155746994629)
[((490.3302928778448, 516.5483530365964), 91, 97), ((497.5382965584212, 509.35169486954254), 97, 95), ((498.4784634675414, 511.1353639544249), 95, 2), ((491.52126870383813, 517.7653199755684), 2, 91)]
[(1.037562033240817, (19.186947236324556, 32.5053797692816), (427.5710237320103, 492.82059306599825), 65), (1.1104235942463734, (14.941061456472994, 30.12838741665513), (425.19403137938383, 497.0664788458498), 59), (1.1541828661217022, (13.17011004035291, 29.761833450408687), (424.8274774131374, 498.83743026196987), 89), (1.596537194808509, (-0.8202061662297524, 31.85692897770963), (426.92257294043833, 512.8277464685525), 41), (1.8478350474583087, (-9.932808705628702, 34.931517933416615), (429.9971618961453, 521.9403490079515), 54), (1.9379623114606335, (-15.357780137863017, 39.931163811065204), (434.9968077737939, 527.3653204401858), 31)]


Agent 84, position of (547.3697256248379, 471.6835169665469), considering position of (547.3697256248379, 471.6835169665469)
[((545.07135188445, 473.3992097119308), 81, 39), ((546.7274003120184, 470.44284402996067), 39, 37), ((549.0286561739384, 470.86759609851117), 37, 2), ((545.7747613428077, 474.5684581728515), 2, 81)]
[(0.7897259619165595, (5.648650343616964, 5.697755609074562), (453.3374970138801, 473.44636090357864), 65), (1.0782207230027139, (2.9450428566263156, 5.487305670216074), (453.1270470750216, 476.14996839056926), 15), (2.136596586533682, (-2.3753146853160274, 3.7403039932885633), (451.3800453980941, 481.4703259325116), 60), (2.6612658107693568, (-5.908335624699731, 3.07839850838414), (450.7181399131897, 485.00334687189536), 17), (2.913938282653111, (-20.453630623772057, 4.738502673818402), (452.37824407862394, 499.5486418709677), 42)]


Agent 85, position of (493.7435628466682, 461.7398786698641), considering position of (493.7435628466682, 461.7398786698641)
[((491.4160013325724, 460.98252893363144), 46, 4), ((492.3901247859981, 460.1668204869022), 4, 75), ((497.0272919074689, 461.1193364934754), 75, 2), ((492.6385747243359, 462.9747290903661), 2, 46)]
[(-3.024497046812853, (-43.385302968369075, -5.103575415199941), (525.8591286032151, 413.3878635477332), 20), (-2.7184245736666446, (-44.27778444110524, -19.9417321796883), (511.02097183872684, 414.2803450204693), 4), (-2.594376569811949, (-44.074617087923116, -26.85384199495249), (504.1088620234626, 414.07717766728723), 40), (3.0287145112305103, (-43.73326644176714, 4.957603509478588), (535.9203075278938, 413.7358270211313), 19)]


Agent 86, position of (497.2278948075124, 518.7920219523961), considering position of (490.2778307356857, 533.2037050393052)
[((491.27957082212663, 535.2122327575448), 68, 54), ((486.14999786764434, 532.4162934316073), 54, 93), ((486.14908137947197, 532.4035638117988), 93, 64), ((487.52796523718683, 530.1068860263103), 64, 26), ((497.34489579524444, 533.3866491723065), 26, 59), ((496.5973203722073, 535.6199662818798), 59, 21), ((495.0025342752263, 535.9543695371556), 21, 68)]
[(0.1397602687582536, (38.04557666953309, 5.3521532332387665), (459.57652659632316, 569.9187343831134), 55), (0.30728750583231856, (32.620605237298776, 10.351799110887356), (464.5761724739717, 575.3437058153477), 32), (0.5071518411852095, (33.796509485330546, 18.778197627521763), (473.00257099060616, 574.1678015673158), 21), (0.8550126028930547, (31.5458562924901, 36.27479442740889), (490.4991677904933, 576.4184547601562), 31)]


Agent 87, position of (534.0816578914419, 476.3883560240622), considering position of (534.0816578914419, 476.3883560240622)
[((533.5417574979259, 474.35612326307364), 50, 85), ((534.881456269662, 473.95024758407726), 85, 81), ((535.2029577103948, 476.9186565648037), 81, 2), ((528.7431967094416, 477.9932050067434), 2, 50)]
[(2.0734689468004612, (-18.86027534284071, 34.30526741016871), (486.45028577784655, 437.9128911732615), 20), (2.363477562212865, (-19.752756815576873, 19.46711064568035), (471.6121290133582, 438.80537264599775), 4), (2.5707110786435594, (-19.54958946239475, 12.555000830416162), (464.70001919809397, 438.6022052928156), 40), (2.99728875922968, (-27.290514999626424, 3.9656925668070357), (456.11071093448487, 446.34313083004724), 65), (3.0912584912828285, (-31.536400779477987, 1.5887002141805624), (453.7337185818584, 450.58901660989886), 59)]


Agent 88, position of (536.6203737583809, 463.46324589092376), considering position of (534.8930905138535, 474.32678548873326)
[((532.8784533723126, 475.12572359037654), 44, 50), ((533.2495628185306, 473.997053337623), 50, 85), ((537.4124946459355, 469.6871498280834), 85, 38), ((537.5820611391425, 473.8045911466555), 38, 81), ((534.5539249669471, 475.93744816168646), 81, 44)]
[(-1.5920356423799034, (-0.7300362131131806, -34.36675874528379), (561.1407209631859, 544.142562254553), 30), (-1.3491297731895437, (6.156543649355626, -27.317498212956707), (568.189981495513, 537.2559823920842), 34), (-1.275836582508842, (7.849334000807005, -25.835283824911755), (569.6721958835581, 535.5631920406329), 11), (-0.7324383258682039, (30.095863189328043, -27.065759519176424), (568.4417201892934, 513.3166628521118), 66), (-0.5910695570250775, (35.864504537446464, -24.068877041815938), (571.4386026666539, 507.54802150399337), 62), (-0.5790322044370216, (36.451052885900424, -23.831191969132703), (571.6762877393371, 506.9614731555394), 36)]


Agent 89, position of (507.60568025477494, 490.1343036032489), considering position of (466.613699810429, 489.32341566379034)
[((466.0639657229105, 483.01370356552513), 49, 14), ((467.2984965680363, 482.50403149391605), 14, 98), ((467.69441313578926, 490.20392104469244), 98, 94), ((464.64635032123675, 490.6885992185661), 94, 49)]
[(-0.5893465993684308, (23.705710443990938, -15.849868804451773), (490.7778403893109, 566.4288110220398), 31), (-0.28994384271697304, (24.88161469202271, -7.423470287817366), (499.2042389059453, 565.252906774008), 20), (-0.06695514830586462, (26.319719360761667, -1.7648788141756881), (504.86283037958697, 563.8148021052691), 58), (0.4187747741423834, (22.630961499182263, 10.073126512069763), (516.7008357058324, 567.5035599668485), 30), (0.5256398933573536, (29.51754136165107, 17.122387044396845), (523.7500962381595, 560.6169801043796), 34)]


Agent 90, position of (513.858397801299, 494.7106006353736), considering position of (500.6422216479694, 513.5343273621448)
[((497.7354450210658, 513.3130969311001), 80, 14), ((497.4056861962305, 511.2148280887386), 14, 97), ((497.69839587284144, 509.9882657212696), 97, 95), ((505.00051020522926, 513.0521293710739), 95, 56), ((499.95201768884965, 514.9312133001949), 56, 80)]
[(-0.8517651962030789, (24.835913784771094, -28.372384407916314), (503.3003559927754, 567.5590143628199), 32), (-0.6541696915044156, (26.011818032802864, -19.945985891281907), (511.72675450940983, 566.3831101147882), 21), (-0.4799044656073139, (27.449922701541823, -14.287394417640229), (517.3853459830515, 564.9450054460492), 59), (-0.1027208920642415, (23.76116483996242, -2.449389091394778), (529.223351309297, 568.6337633076287), 31), (0.14897641641106704, (30.647744702431226, 4.599871440932304), (536.272611841624, 561.7471834451599), 35), (0.18589260352442727, (32.340535053882604, 6.082085828977256), (537.754826229669, 560.0543930937084), 11)]


Agent 91, position of (535.2072382011808, 475.94954167592715), considering position of (535.2072382011808, 475.94954167592715)
[((533.1874804905168, 474.9860733893137), 45, 51), ((533.6078028165883, 474.43728452069035), 51, 85), ((536.7891670286983, 472.35619190720104), 85, 39), ((536.925051473695, 472.7315051373739), 39, 2), ((535.6991400898802, 478.40966321195583), 2, 45)]
[(-3.070020566754802, (-33.015961688818805, -2.367064470679253), (479.62208449918944, 425.13583306639157), 40), (-2.8789785356794293, (-40.75688722605048, -10.95637273428838), (471.0327762355803, 432.8767586036232), 66), (2.40814837780969, (-32.67461104266283, 29.444381033751824), (511.4335300036205, 424.79448242023557), 19), (2.601464041176562, (-32.326647569264765, 19.383202109073295), (501.37235107894196, 424.4465189468375), 20), (2.9608945845327703, (-33.56738357165699, 6.132452324221504), (488.12160129409017, 425.6872549492297), 76), (3.0056168131283743, (-33.21912904200093, 4.545045344584935), (486.5341943144536, 425.33900041957367), 4)]


Agent 92, position of (465.0190818807035, 499.2033272267489), considering position of (463.8433164623313, 491.29020043129316)
[((461.15295096677846, 491.73086882882876), 58, 34), ((461.5214195565239, 490.4347040245917), 34, 50), ((465.43974478857234, 489.6040684478903), 50, 94), ((465.31479932851374, 494.10254217752663), 94, 58)]
[(1.7580272680645292, (-8.754875321015703, 46.212091971951), (431.04292805655916, 449.3969194341946), 40), (1.9840059035548732, (-16.495800858247378, 37.62278370834187), (422.45361979295, 457.1378449714263), 66), (2.1027073022654674, (-20.74168663809894, 35.2457913557154), (420.0766274403236, 461.3837307512779), 60), (2.143962946378946, (-22.512638054219025, 34.879237389468955), (419.71007347407715, 463.15468216739794), 89), (2.349779280710053, (-36.50295426080169, 36.974332916769896), (421.8051690013781, 477.1449983739806), 42)]


Agent 93, position of (521.0032052550564, 524.170912759858), considering position of (498.12913272435395, 514.0824636292848)
[((496.32652447971407, 511.8667697395854), 14, 97), ((497.54107490727074, 509.3627418618418), 97, 95), ((500.8265914728288, 512.4164042985497), 95, 55), ((499.8788806003847, 514.5396500527423), 55, 79), ((496.73718696167504, 515.6825281212273), 79, 14)]
[(1.0628750787959764, (13.03442972378906, 23.416570997517823), (453.83844903099236, 471.1862244789994), 40), (1.2278888364954035, (5.293504186557385, 14.827262733908697), (445.2491407673832, 478.92715001623105), 65), (1.4868498454675318, (1.0476184067058227, 12.450270381282223), (442.87214841475674, 483.1730357960827), 59), (1.6305851268194917, (-0.7233330094142616, 12.08371641503578), (442.5055944485103, 484.9439872122027), 89), (1.6853920515939997, (-1.4608008070422898, 12.69157906675494), (443.1134571002294, 485.68145500983076), 17), (2.3747036851220455, (-14.713649215996924, 14.178811942336722), (444.60068997581124, 498.93430341878536), 42), (2.5148522785951135, (-23.826251755395873, 17.253400898043708), (447.6752789315182, 508.0469059581843), 54)]


Agent 94, position of (525.8305829990991, 544.540882249295), considering position of (489.03879346577867, 531.603949732819)
[((485.4521718328601, 532.2051223425894), 93, 63), ((487.5772416178715, 527.4383188594114), 63, 26), ((493.11269677768763, 533.5209279235985), 26, 53), ((485.8767057508524, 533.5394814949927), 53, 93)]
[(0.2893080156642221, (37.23787568675755, 11.08420136442038), (447.6953005537276, 550.8858283215399), 41), (0.4663788805046583, (28.125273147358598, 14.158790320127366), (450.76988950943456, 559.9984308609388), 54), (0.700984514545794, (22.700301715124283, 19.158436197775956), (455.7695353870831, 565.4234022931731), 31), (0.8573405151520561, (23.876205963156053, 27.584834714410363), (464.19593390371756, 564.2474980451414), 21), (1.0842887533103407, (24.387000252071402, 46.10799583546293), (482.7190950247701, 563.736703756226), 10)]


Agent 95, position of (502.117970970163, 537.2959897186706), considering position of (479.5784172794529, 532.7168501244244)
[((474.10426797212887, 532.2913432524217), 36, 92), ((481.65164217968436, 531.372659887649), 92, 93), ((480.5460113484292, 534.0582070999429), 93, 70), ((477.825532696151, 534.247923107477), 70, 36)]
[(0.31486444101955086, (53.52242604520191, 17.43222729843862), (437.1570835651074, 539.1897462668189), 89), (0.4588047954857519, (39.53210983861925, 19.52732282573956), (439.25217909240837, 553.1800624734016), 42), (0.6390106499149129, (30.4195072992203, 22.601911781446546), (442.32676804811535, 562.2926650128005), 55), (0.8349244631769648, (24.994535866985984, 27.601557659095135), (447.326413925764, 567.7176364450348), 32), (0.9425759439305712, (26.170440115017755, 36.02795617572954), (455.7528124423984, 566.5417321970031), 21), (1.1505285810386954, (23.91978692217731, 53.52455297561667), (473.24940924228554, 568.7923853898435), 31)]


Agent 96, position of (504.4690182138429, 500.90335674047685), considering position of (504.4690182138429, 500.90335674047685)
[((500.2265508117511, 499.52173287942713), 52, 6), ((503.3764124110363, 498.89738424708645), 6, 2), ((506.4936797553328, 501.84433017508513), 2, 76), ((501.5227002372681, 502.15932964516134), 76, 52)]
[(-0.5298228355683277, (28.256405316810856, -16.54918469408699), (490.69928284640895, 571.6079268707612), 31), (-0.24053387213718905, (29.591862643715388, -7.258369613222726), (499.9900979272732, 570.2724695438567), 20), (-0.05095356416330285, (31.085078208613936, -1.5852676899181972), (505.6631998505777, 568.7792539789581), 58), (0.35831134121591973, (27.33000875076732, 10.234436948104673), (517.4829044886006, 572.5343234368047), 30), (0.46705803164416443, (34.01790462087047, 17.15421987578256), (524.4026874162785, 565.8464275667015), 34)]


Agent 97, position of (485.21202379499016, 495.56207975882927), considering position of (497.54876108912146, 513.7775927336425)
[((495.8064647761731, 512.1809474726128), 13, 97), ((497.408986568332, 508.83754544406924), 97, 95), ((500.5167415408731, 512.3692113886989), 95, 55), ((499.7755613756403, 513.9864968986531), 55, 79), ((496.71106884740715, 515.7445211840345), 79, 13)]
[(-2.0791216433486763, (-15.62169794728976, -28.037976181130148), (554.8119383990323, 529.2509005203765), 30), (-1.9651740975552805, (-8.735118084820954, -20.988715648803066), (561.8611989313595, 522.3643206579077), 34), (-1.9172586994312817, (-7.042327733369575, -19.506501260758114), (563.3434133194044, 520.6715303064562), 10), (-1.1974370317056797, (9.146916298470984, -23.3498815204307), (559.5000330597318, 504.4822862746157), 46), (-0.9381389084732362, (15.204201455151463, -20.736976955022783), (562.1129376251397, 498.4250011179352), 66), (-0.7020858227453919, (20.972842803269884, -17.740094477662296), (565.1098201025002, 492.6563597698168), 62), (-0.6819086212613934, (21.559391151723844, -17.502409404979062), (565.3475051751834, 492.06981142136283), 36)]


Agent 98, position of (541.2017929144337, 482.236083666732), considering position of (540.156786380334, 476.3277876904213)
[((538.0804670968442, 478.3888959620108), 5, 81), ((538.2196774068298, 475.0819382493817), 81, 39), ((544.7356136982519, 475.5158048152266), 39, 63), ((545.7083526332385, 477.0265493983866), 63, 2), ((544.3394451589248, 478.98374892162485), 2, 5)]
[(0.590862495036183, (9.256078920867509, 6.20902886555001), (449.11338993048895, 491.3814963102443), 60), (0.6627647225123872, (7.485127504747425, 5.842474899303568), (448.7468359642425, 493.1524477263644), 89), (0.7628741494646902, (6.747659707119396, 6.450337551022727), (449.35469861596164, 493.88991552399244), 17), (0.9870033005790864, (5.348359937872857, 8.096176900661192), (451.00053796560013, 495.28921529323895), 34), (1.251205498061796, (3.1837346275328287, 9.62041233784484), (452.5247734027838, 497.453840603579), 58), (1.5508046808124811, (0.22255357746547588, 11.130845746530525), (454.0352068114695, 500.41502165364636), 73), (2.2573412900280223, (-6.5051887018352375, 7.937570426604509), (450.84193149154345, 507.1427639329471), 42), (2.5274497223586647, (-15.617791241234187, 11.012159382311495), (453.91652044725043, 516.255366472346), 55)]


Agent 99, position of (521.1500965675019, 503.450802541705), considering position of (502.3487881843513, 506.19138698332847)
[((497.59772313784, 507.81816141881427), 95, 3), ((497.59445542726144, 507.722768066509), 3, 52), ((501.6505908015356, 503.9947424612075), 52, 76), ((502.83991568518326, 504.44521297009885), 76, 90), ((504.1521944827895, 506.9497740066654), 90, 9), ((504.2369184125272, 507.93029096774353), 9, 95)]
[(-0.05134179917235555, (34.914616141817646, -1.794155940499337), (460.57365785864727, 548.5625687766), 41), (0.049584636683555915, (25.802013602418697, 1.2804330152076489), (463.64824681435425, 557.6751713159989), 54), (0.29895702434983146, (20.37704217018438, 6.280078892856238), (468.64789269200287, 563.1001427482332), 31), (0.5987762917405177, (21.552946418216152, 14.706477409490645), (477.0742912086373, 561.9242385002015), 20), (1.0308233617414253, (19.302293225375706, 32.203074209377775), (494.57088800852443, 564.1748916930419), 30)]


Agent 100, position of (499.41727918351813, 474.3914519522278), considering position of (534.4171956111518, 474.31496627607606)
[((532.5021538087049, 475.29577439375976), 44, 50), ((533.0792180094851, 473.7877213333187), 50, 85), ((537.2273417301477, 470.4799607186069), 85, 39), ((537.328294026971, 473.2962153383104), 39, 81), ((534.5583786452239, 475.9489297683968), 81, 44)]
[(-2.8360393857227955, (-33.490908345064554, -10.564085338650216), (558.4091811088546, 437.01951192457443), 37), (-2.661397933248877, (-26.97024494169426, -14.047677705066235), (554.9255887424385, 430.49884852120414), 19), (-2.4056980389615275, (-26.622281468296194, -24.108856629744764), (544.86440981776, 430.15088504780607), 20), (-2.1858490987851287, (-27.51476294103236, -38.947013394233124), (530.0262530532716, 431.04336652054224), 4), (-2.1079404785303844, (-27.311595587850235, -45.85912320949731), (523.1141432380075, 430.8401991673601), 40)]


