503.90690649423027 495.265504829829
502.8752937293087 482.7040737868859
498.4636185062056 480.7266744783112
507.6504835668996 508.2776497334952
493.94410681722314 491.8705770207419
490.04058953794424 479.55745762068835
489.1130212157183 481.4127160702143
495.6140436946657 485.8113581458133
491.20793752424663 484.0252610392879
496.31807956725277 482.23210872472276
497.86573663099625 484.8044506913327
524.5560022920534 513.3234765795122
527.4120063519988 510.21419823734675
506.1237767013176 493.5822575103553
504.72231327059393 499.85026409256693
520.2821431851027 512.6027821050543
499.5146604767219 491.77819644755715
500.8780473088919 505.37912087009755
515.7272272430895 503.0340621480543
520.4647475575835 501.96953144478556
497.92091656528316 498.62724979883154
518.8292472715713 509.1945044936782
522.8526001464691 514.8609306676221
497.4683436578104 496.6785497077421
500.5914352061393 480.61315463497994
496.40430857004424 475.93056212185354
525.0448799651319 509.760391203325
520.8695972449235 504.64643632027526
524.5130041631692 507.412470820367
510.2251016554786 504.3361110457642
491.0389139162967 486.3564116630232
523.9348889767755 516.7091953877725
507.26243258857596 500.15313330854383
504.6620308681026 497.7346016746076
516.6009680784176 500.6299436160094
497.30660716508305 478.4413760514084
511.00001512898575 507.7122931783349
500.83748107770975 483.19134704882896
510.0816146267173 509.60477285150165
503.0 485.0
505.7442767428597 506.2152336432468
493.9724522144596 489.17588221433743
511.5775801530102 500.5421092472638
509.2616530603384 496.2840012002254
502.41523847976396 498.81030696284535
499.486239933471 495.4964997568952
520.7098141794213 514.629270114872
500.2632135163936 489.56326945270763
493.7073156445626 479.8973615855573
524.2383956320945 504.317239533045
496.2842925822248 491.5859935699028
511.91439104498187 497.65209522079726
491.04241241585663 477.7956394287912
518.3138847435692 502.2725071444385
503.25849813018203 507.33144921067975
494.78514809475314 477.4585011129704
502.22494575033113 492.2468376834932
520.9098025828562 510.1267306093464
489.0275473343474 483.6175672693687
508.33166176667066 505.0852177055871
496.41783156549144 494.2798915244697
499.8696502034972 497.9241478176302
503.0624698777736 504.4915507834839
513.7984504355495 498.62505848889066
528.2305704922373 508.1773835199462
515.7316287828893 509.1856448636362
498.6741087153195 486.8347137392445
491.9191200422405 490.33228900203136
499.7923880394914 478.4758898830183
502.1524493373922 487.19077549877625
503.8657400892017 501.7596998678701
527.2351242414854 506.1421365364238
526.3218809845738 504.0582579629434
508.0592734091294 491.91717535414745
500.2050690174011 500.3978130482921
504.56352563273515 487.69450459302624
507.2126153311994 510.39374358702736
504.8911281248338 508.8277973085291
522.306706067944 503.1633508099172
512.6696965237015 505.52076870387583
492.94394541263625 485.6534772370834
517.2204156302456 510.582196560227
513.8741233854465 501.17192034012197
501.2663734610084 494.4908507096658
509.85024609165015 498.910917453426
505.86910434462504 492.1281439591354
522.7733160945666 512.3603882257619
487.870747569586 478.9778671162228
505.9055807488167 489.5405108496881
492.8682720280598 475.7539457401136
514.6029950413249 507.36232023884764
493.1274106426587 482.18435961863224
491.7035565898378 474.87626290547655
500.4703434006828 502.782465812228
517.2282008652495 506.20271121376845
503.32858351318305 480.486270489965
508.35293248012016 494.3900811801522
496.1178634753403 488.0710463744819
512.9148028498321 509.50884264377174
522.4494646052867 507.6163280572234
