0 0.07993419806764562
1 0.07965245919543858
2 0.07965487677321388
3 0.07994001381284675
4 0.07994582913274254
5 0.07966896598158274
6 0.07967821917510368
7 0.07968947319749095
8 0.07970272719304189
9 0.07943128134655057
10 0.07944800658671691
11 0.07946673583671936
12 0.07948746767254349
13 0.07978510347160798
14 0.07980916451750994
15 0.07954576217855608
16 0.07957331849501875
17 0.07960286931919708
18 0.07934363278759468
19 0.07937670060979118
20 0.07941176353552551
21 0.07915676350760542
22 0.07890295730833159
23 0.07865035617845348
24 0.07869207283282305
25 0.07844226121808835
26 0.07848755915632173
27 0.07824057231503297
28 0.07828946648324658
29 0.07804533940760018
30 0.07809784394242558
31 0.07785661132779229
32 0.07791273953277594
33 0.07797087339279675
34 0.07803100840210536
35 0.0783535232850756
36 0.07841683661353317
37 0.07818440605839798
38 0.0782513375629522
39 0.07832024866672584
40 0.07839113412187693
41 0.07816499802189733
42 0.0779402495409416
43 0.0780164193434081
44 0.07779474060872983
45 0.07757448197690196
46 0.07765597271387165
47 0.07773942998607283
48 0.07752398224387794
49 0.07761109166138916
50 0.07739880405066943
51 0.07718799679971407
52 0.0772804714074054
53 0.07707287301085282
54 0.07686678696913121
55 0.0766622255608681
56 0.07645920110454874
57 0.0762577259565707
58 0.07605781250924593
59 0.07616265071994842
60 0.07650991688023961
61 0.07661768869528551
62 0.07642376218164441
63 0.07653521498580904
64 0.07634464595844584
65 0.07615569302235248
66 0.07596836831166737
67 0.07578268397511517
68 0.0759031315109716
69 0.07572088397008876
70 0.07534123660498701
71 0.07496178620898643
72 0.0745825359398376
73 0.07420348901738734
74 0.07382464872509646
75 0.07344601841157923
76 0.07306760149220702
77 0.07268940145073068
78 0.07231142184098496
79 0.07193366628862076
80 0.0715561384928569
81 0.07117884222838276
82 0.07080178134718118
83 0.07042495978047852
84 0.07025320139711445
85 0.07008329800627149
86 0.06991526320031893
87 0.07005457077666609
88 0.0698903656640442
89 0.06972806160190032
90 0.06956767196036176
91 0.06940921007454491
92 0.06925268924046166
93 0.06909812271085405
94 0.0692511669039774
95 0.06910054074817079
96 0.06895189942937387
97 0.06880525587055562
98 0.06866062292980551
99 0.06851801339729961
100 0.06837743998974567
101 0.06823891534630684
102 0.0681024520239058
103 0.0682733046544526
104 0.0684460615276899
105 0.06862070819337113
106 0.06879723019054285
107 0.06897561305160042
108 0.0691558423090068
109 0.0693379034858656
110 0.06952178212610988
111 0.06970746377208976
112 0.06989493398110169
113 0.070084178326424
114 0.0702751824007331
115 0.070467931819459
116 0.07066241222405119
117 0.07085860928513343
118 0.07105650870558777
119 0.07125609622354792
120 0.07115465900115621
121 0.07105532273938307
122 0.07095809630089532
123 0.07086298840858009
124 0.0707700076415295
125 0.0704305478984209
126 0.07004173243069114
127 0.06965302943673563
128 0.0692644409652861
129 0.06887596910981988
130 0.06848761600977622
131 0.06809938385189147
132 0.06771127487144701
133 0.06732329135370567
134 0.06711700741296563
135 0.06691247116131727
136 0.06701251086617985
137 0.06681173293359574
138 0.06661274438708462
139 0.0667190125140646
140 0.06652384273193011
141 0.06633050360736005
142 0.06613901127144539
143 0.06594938188742519
144 0.06576163164658388
145 0.06588027074439805
146 0.06569647121392803
147 0.0655145913099567
148 0.06533464713719682
149 0.06515665480410432
150 0.06498063042085017
151 0.06480659009312122
152 0.06493987205214607
153 0.0647699303206039
154 0.06460201165468651
155 0.0644361319372279
156 0.06457789934168712
157 0.06472182222955379
158 0.06456222247188247
159 0.06440470507470004
160 0.06455498715088398
161 0.06440168466865442
162 0.0642505003872601
163 0.06410144935413363
164 0.0642601995648056
165 0.06411542277481151
166 0.06375049076328963
167 0.06360883544222064
168 0.06346937883700286
169 0.06363754392321415
170 0.06380776687156195
171 0.06398003119021901
172 0.06415432036686287
173 0.06433061787523402
174 0.06450890718007046
175 0.06468917174241995
176 0.06487139502474917
177 0.06505556049591765
178 0.06524165163603012
179 0.06542965194117112
180 0.06561954492800658
181 0.06581131413886794
182 0.06570132385794566
183 0.06559358266227934
184 0.06548810169460148
185 0.06538489193553525
186 0.06528396419790879
187 0.06518532912163348
188 0.06484283491721404
189 0.06450099127527711
190 0.06415980873075176
191 0.06381929802251718
192 0.06347947009779997
193 0.0631403361165372
194 0.06280190745588164
195 0.0627145059318372
196 0.06293026073887271
197 0.06284737600326105
198 0.06251352340273408
199 0.06243445006826458
200 0.06235783707623127
201 0.06258279069060779
202 0.06251072123556434
203 0.06218307151344048
204 0.06211492576840841
205 0.06178958262624547
206 0.06172541785329197
207 0.061402444343342834
208 0.061342317789987034
209 0.06158092267140881
210 0.06152540229870798
211 0.061207669364890444
212 0.0611562670912138
213 0.0611074349543037
214 0.06135508118256447
215 0.061310854655699604
216 0.061000172952750197
217 0.06096016054686762
218 0.06092274323860254
219 0.0606164270444775
220 0.060311198424226914
221 0.06027977369116393
222 0.06025098329457232
223 0.059950320221913385
224 0.059650814652664454
225 0.05962818642615637
226 0.05933164538734987
227 0.059313492002666085
228 0.05929802654874334
229 0.059285251135161025
230 0.059275167506428784
231 0.058987213358627624
232 0.058981701533114654
233 0.0592619247484547
234 0.05926103960156438
235 0.05897955439440043
236 0.0589832877805226
237 0.05870511160177804
238 0.058428340914337504
239 0.05815299589618039
240 0.057879097003405544
241 0.057893465077049545
242 0.058187513687838574
243 0.05848281083761366
244 0.05877933759317612
245 0.05907707532278926
246 0.05937600569252221
247 0.05967611066248273
248 0.05997737248306527
249 0.0602797736911652
250 0.06031119842422806
251 0.060053593513250784
252 0.06008967430426721
253 0.05983566950711211
254 0.05958325919853684
255 0.05962609249353066
256 0.05967157154385607
257 0.05942495107033318
258 0.05917999870349511
259 0.05893673533972771
260 0.05899119903719896
261 0.059310859238660286
262 0.05936957133046614
263 0.05943091271607312
264 0.05919710566096817
265 0.05926322697226539
266 0.0590333726570148
267 0.05880533341226931
268 0.05857913052606638
269 0.05835478544341316
270 0.05843232863341649
271 0.058765444492247666
272 0.05884707850161264
273 0.058630338914922225
274 0.058716805136853435
275 0.05850424226391851
276 0.05829364211850466
277 0.058085026133310035
278 0.05787841584627898
279 0.057976555187663245
280 0.05777427568766927
281 0.05757405790101587
282 0.05767940252251665
283 0.05748359709312509
284 0.057099317909415026
285 0.05671524440688505
286 0.05633138094594949
287 0.05594773200420801
288 0.055564302176791196
289 0.055181096185626666
290 0.054798118879498176
291 0.05441537523990654
292 0.054227364264775514
293 0.05404165380441582
294 0.05385826773006355
295 0.053982215904083385
296 0.053803695806370094
297 0.05362755909410251
298 0.05375921537627094
299 0.05358802162362055
300 0.05341926867004295
301 0.053252979783138796
302 0.05308917818433354
303 0.05292788703170366
304 0.0527691294091537
305 0.05291875712330559
306 0.053070972416185934
307 0.05322575302797663
308 0.05338307658525114
309 0.05354292060642786
310 0.05370526252753763
311 0.05387007970052094
312 0.05403734941151443
313 0.05420704889091276
314 0.05437915532443003
315 0.054553645863905424
316 0.054425416389976944
317 0.054299825482892715
318 0.05417689154160162
319 0.054056632742825066
320 0.05393906702689203
321 0.05412836791366508
322 0.05401600781854578
323 0.05366644407914338
324 0.053317579425260886
325 0.05296942780902498
326 0.05262200352198831
327 0.05227532120444822
328 0.051929395855080746
329 0.051584242840717345
330 0.05123987789937371
331 0.05114195588879001
332 0.05134910757810928
333 0.051558524076869824
334 0.051770177818537946
335 0.05198404139308079
336 0.05189931384667178
337 0.052117879730212445
338 0.05203861203262444
339 0.05170692606988063
340 0.051632308765827466
341 0.05156068205187878
342 0.05179031052099491
343 0.051724176475894855
344 0.05166105036148617
345 0.05160094324203565
346 0.051280552697843235
347 0.05096127874644018
348 0.05064314263348
349 0.05032616606441669
350 0.050276627586650136
351 0.050230221227914484
352 0.049918345049055075
353 0.04987707371159091
354 0.04983897423114148
355 0.04953241777655471
356 0.04949956334601415
357 0.04946991712488506
358 0.049168900989893745
359 0.0488692967593305
360 0.048847165278367265
361 0.048551190304620455
362 0.04825670782356266
363 0.048242292043935944
364 0.047951597868794264
365 0.047552083827002704
366 0.047152567443760895
367 0.04675304881895431
368 0.04646375519937379
369 0.04606417398971991
370 0.04578851692134503
371 0.04551469868382
372 0.04552997969694679
373 0.04526062258370197
374 0.045282014736735175
375 0.04530692423465425
376 0.045608525543581566
377 0.04563923450449182
378 0.04567342188842659
379 0.045418390094725314
380 0.04545874564601513
381 0.04520853564914331
382 0.0449604854512247
383 0.04471463109550876
384 0.0444710090967907
385 0.04422965644213874
386 0.04399061057910983
387 0.043595319022516094
388 0.043200104369351615
389 0.04296430208201014
390 0.042730936961908786
391 0.04279869877955696
392 0.042570834004282264
393 0.04264524908986291
394 0.04242299076730077
395 0.04220334743157411
396 0.041986360209467485
397 0.041595980269174014
398 0.04138239735134522
399 0.04117158715453651
400 0.0409635925702975
401 0.040758456787341114
402 0.04055622326477466
403 0.040356935716395294
404 0.04016063807676705
405 0.03996737685109039
406 0.0397774643896433
407 0.03959111200331427
408 0.03940834196510589
409 0.03922917658521061
410 0.03885455942761594
411 0.03848214800676518
412 0.03813160160811568
413 0.03776251572258036
414 0.03741549621843916
415 0.0372952833578449
416 0.03695303194751193
417 0.03658773753540063
418 0.03624905161904217
419 0.035887060996560034
420 0.03555194766009977
421 0.03519325711140045
422 0.034836770907604245
423 0.03450632952779987
424 0.0341783845674969
425 0.0338529518265584
426 0.033530047728023496
427 0.03318011388129539
428 0.03283237754308827
429 0.0324868459037801
430 0.03216972016766331
431 0.03182746672019965
432 0.03151396787385723
433 0.03120304940604511
434 0.03089473160512944
435 0.030557866814294798
436 0.030253228119600132
437 0.029951233410980608
438 0.029618672125363538
439 0.029320395329032013
440 0.02923319458288398
441 0.028940409826739323
442 0.028611438720487027
443 0.02828463808331002
444 0.027960015421059782
445 0.027637578670338128
446 0.027472514572499933
447 0.027563754415441694
448 0.0274069711080396
449 0.027254570038827905
450 0.02735856947886539
451 0.02765648103646848
452 0.027956963544585607
453 0.028259994222980363
454 0.028565551415976134
455 0.028873614528142202
456 0.0291841639639951
457 0.029497181071457983
458 0.02981264808922966
459 0.03013054809511481
460 0.030450864963367453
461 0.030775131419752147
462 0.031101764751640715
463 0.03143074721580953
464 0.03176207058699633
465 0.03209572127250873
466 0.03243168770778269
467 0.03276995884208835
468 0.033110524111317444
469 0.03345337341242112
470 0.03379849707936213
471 0.03414588586050196
472 0.03449553089732164
473 0.03484742370439898
474 0.03520155615053408
475 0.035557920440999494
476 0.03591650910078789
477 0.036277314958631325
478 0.036451448255866395
479 0.03633842987574938
480 0.036229427786118124
481 0.035896828909329596
482 0.03556675163002866
483 0.03520490586374179
484 0.03487847644676881
485 0.03451990423371475
486 0.03416350065934512
487 0.03384183091863389
488 0.03352273235981166
489 0.033170693420942386
490 0.03282082418272385
491 0.032473130882561686
492 0.032127620053964565
493 0.03178429854399332
494 0.03147320731880006
495 0.03116472569404178
496 0.030858874848536257
497 0.030555676865108322
498 0.030255154774496317
499 0.02995733259879934
500 0.02966223540344161
501 0.029369889343045453
502 0.029037300194039897
503 0.02870685897616473
504 0.02837857212701
505 0.028052446448416864
506 0.027728489132324285
507 0.027406707788796662
508 0.027239964182521413
509 0.02732821927513477
510 0.027618422673648488
511 0.027911318288200947
512 0.02820687914004759
513 0.028505079532885995
514 0.0288058949834244
515 0.029109302157856263
516 0.029415278807249798
517 0.02972380371266898
518 0.030034856629051542
519 0.03034841823395475
520 0.03067750296244006
521 0.031008879123103853
522 0.03134253588820069
523 0.031678462938010764
524 0.03201665043222238
525 0.03235708898324155
526 0.03269976962577263
527 0.033044683819904594
528 0.0332128097009535
529 0.03356200288370297
530 0.03391339784146876
531 0.03426698765325484
532 0.03462276569822676
533 0.034802801061131004
534 0.03516272868568354
535 0.035524819074779376
536 0.03588906685438618
537 0.03625546687444615
538 0.036624014197532404
539 0.03699470408813823
540 0.03736753200254916
541 0.0375646739092541
542 0.03747224233084619
543 0.03714353938067746
544 0.03681743253045485
545 0.036444531994462286
546 0.036122190931222556
547 0.035752546996961926
548 0.03543398846855279
549 0.03506759731750932
550 0.034752839237216705
551 0.034389696968587395
552 0.03402865945011044
553 0.033718861161884474
554 0.03336106707350452
555 0.03300538008932889
556 0.03270055156880844
557 0.03234810218164642
558 0.03204713089201317
559 0.031697914633258134
560 0.031350806121372414
561 0.03105483699972181
562 0.03076165436070988
563 0.030471284699700382
564 0.0301296435511112
565 0.02984324170975225
566 0.029504818141298208
567 0.02931349900705247
568 0.029383575036944793
569 0.029458323146715017
570 0.029750640581406692
571 0.029832852779690677
572 0.029657886157539334
573 0.029326181067322
574 0.02899666259466128
575 0.028669338664084994
576 0.028344217637711906
577 0.028021308345288917
578 0.027700620116665346
579 0.027382162816988763
580 0.0272260681220473
581 0.027325959848883415
582 0.027178291205334944
583 0.027035102609515665
584 0.02714781411057786
585 0.02744869601449586
586 0.027752086641823843
587 0.028057965225862503
588 0.02836631205596718
589 0.028677108415300512
590 0.02899033652134191
591 0.029306072402340927
592 0.029622716295510044
593 0.02994185584145294
594 0.030261915145756754
595 0.030584458584771955
596 0.030909380118315878
597 0.031236665932066046
598 0.031566302848161316
599 0.03189827828200852
600 0.03223258021867402
601 0.032569197178429876
602 0.03290811818905367
603 0.03324933275910526
604 0.033592830852793826
605 0.03393860286632973
606 0.03428663960568387
607 0.03463693226564802
608 0.03498947241011399
609 0.03534425195351521
610 0.03570126314332032
611 0.036060498543551665
612 0.03642195101920286
613 0.03659621262417949
614 0.036774196908077726
615 0.03666396541102882
616 0.036329065431610456
617 0.03596410734358194
618 0.035632832690043664
619 0.03530408488823535
620 0.034977879897952875
621 0.03461842037133687
622 0.03429588345689287
623 0.03397592348936685
624 0.03365855853406554
625 0.03334380734678777
626 0.0330316894034817
627 0.03267991649453035
628 0.03233028502876776
629 0.03202303007841354
630 0.031676641145266526
631 0.031373161428403164
632 0.031072384152158655
633 0.03077433320659726
634 0.03047903346226632
635 0.0301865108140667
636 0.02989679222691337
637 0.029609905783237384
638 0.029273354101175948
639 0.02893890644525935
640 0.028606567374908992
641 0.028276341707901484
642 0.027948234538840894
643 0.02762225125916086
644 0.02729839757888066
645 0.026976679550292683
646 0.026802112810255893
647 0.026879369434782262
648 0.026961565093284626
649 0.027048665492321745
650 0.02714063492670523
651 0.026986457093939768
652 0.02708728667696976
653 0.027382508667077702
654 0.027680328607905477
655 0.02798072244787465
656 0.02828366732983832
657 0.02858914152254881
658 0.0288971243564465
659 0.029207596163448864
660 0.029520538220441105
661 0.029835932696427127
662 0.03015376260257503
663 0.030474011745904292
664 0.030798582252144394
665 0.03112551531610481
666 0.031454797757728525
667 0.031786416996600904
668 0.032120361022546146
669 0.03245661836354521
670 0.03279517805723763
671 0.03313602962395064
672 0.03347916304131651
673 0.033824568720421555
674 0.03417223748337995
675 0.034522160542218155
676 0.03487432947900538
677 0.03522873622716891
678 0.03558537305379649
679 0.03594423254318188
680 0.03630530758013102
681 0.03647987597991839
682 0.03665816970813467
683 0.036840162467144305
684 0.03702582802378221
685 0.036922910330911954
686 0.03659074475875424
687 0.03622231070265837
688 0.0358938196764917
689 0.035567892529257586
690 0.035203850891880134
691 0.03488162820805963
692 0.03452084738103593
693 0.03420234343448812
694 0.033886457897085845
695 0.03353004898115347
696 0.03317577601288545
697 0.032864756572936416
698 0.032556397996027955
699 0.03225072162769377
700 0.03194774964591398
701 0.031600051223884075
702 0.03130092076514138
703 0.031004544798569636
704 0.030710948689787517
705 0.030420158822326123
706 0.030132202641224036
707 0.02984710869808601
708 0.02950823506430142
709 0.029171448681680378
710 0.028836753370827604
711 0.028504152796741133
712 0.028173652338094896
713 0.027845255395934566
714 0.027518967119692657
715 0.027194792572764172
716 0.027014723665602064
717 0.027086669636851534
718 0.027367352677166727
719 0.02765086588296028
720 0.027937177436642525
721 0.028022812981844253
722 0.02811320728038278
723 0.02795316613384765
724 0.028052195558535185
725 0.028350848926551677
726 0.02865210214538459
727 0.02895593212230375
728 0.029262316974497087
729 0.029571235814354405
730 0.029882668725185954
731 0.030196596709076394
732 0.030513001637777967
733 0.03084137684951781
734 0.03117206405554672
735 0.03150505179510615
736 0.03184032913819123
737 0.032177885656158575
738 0.0325177113941844
739 0.032859796845459935
740 0.03320413292698082
741 0.033550710956888684
742 0.03389952263363588
743 0.03425056001335618
744 0.03442126400754439
745 0.034595796634829326
746 0.03477412803931743
747 0.03513340076635176
748 0.035494842298247786
749 0.03585844706856622
750 0.036046371012876374
751 0.03641405059465295
752 0.036783871493430514
753 0.03715582917578658
754 0.03752991929229117
755 0.03790613766493449
756 0.038284480284932164
757 0.038664943298707066
758 0.03886957228744737
759 0.03878005923793107
760 0.03844806246680197
761 0.038066472123076116
762 0.03785959132263833
763 0.03765623389370383
764 0.03745642546297533
765 0.03726019184116028
766 0.037067559005819
767 0.036697355932794905
768 0.03636550837201544
769 0.03603620464845204
770 0.035670399466694445
771 0.03534477930303869
772 0.03502173624345821
773 0.03466031667526049
774 0.03434098850001096
775 0.03398282630358421
776 0.033667228052587574
777 0.0335808708529243
778 0.03327054586463311
779 0.03296290229145241
780 0.03265796164851108
781 0.03230586365383062
782 0.03200477587538239
783 0.03165591096951193
784 0.031309155697537575
785 0.031013063513984203
786 0.030719755016924585
787 0.030429256679903545
788 0.030141596039078768
789 0.02985680173792861
790 0.029798494061864297
791 0.03000161179060639
792 0.029951579897838344
793 0.030162034591408714
794 0.030376185920875005
795 0.030593991991555408
796 0.030815411736962447
797 0.031040404929567233
798 0.031012483922728117
799 0.031244399347266513
800 0.031224458324800534
801 0.031209114838659856
802 0.03145114653817622
803 0.031806553148558604
804 0.03216395877352753
805 0.03252336332331868
806 0.032884766711608296
807 0.03324816885530162
808 0.03361356967434978
809 0.033980969091546125
810 0.034350367032391624
811 0.0347217634249079
812 0.03509515819951262
813 0.03547055128887476
814 0.03584794262779638
815 0.036227332153082575
816 0.03660871980344731
817 0.03699210551939416
818 0.037377489243133374
819 0.03776487091848429
820 0.038154250490794725
821 0.03854562790685895
822 0.03893900311483819
823 0.03933437606421124
824 0.039610122133135056
825 0.03960643581109037
826 0.03932544460011681
827 0.039047473370804775
828 0.03865347570236863
829 0.03837422682470566
830 0.03809801128088869
831 0.037708825711846305
832 0.037434647310395405
833 0.037163542101159346
834 0.0367791870368607
835 0.03650670634376357
836 0.03612574952986533
837 0.03585950269110403
838 0.03559639666776449
839 0.03533645861745028
840 0.03534888577243089
841 0.03509522654742698
842 0.03472213872571488
843 0.03447323002566862
844 0.034227616738351625
845 0.03398532947246884
846 0.03374639948422437
847 0.03351085867771924
848 0.033278739603773554
849 0.033317916918209144
850 0.03360499843334762
851 0.0339698031377457
852 0.034336638668314795
853 0.03470550383901852
854 0.03507639751684575
855 0.035449318618594065
856 0.03582426610829145
857 0.03620123899450459
858 0.03658023632798905
859 0.03696125719939968
860 0.03734430073721403
861 0.03772936610571445
862 0.038116452503144764
863 0.03850555915996815
864 0.038896685337234276
865 0.03928983032502348
866 0.03968499344102138
867 0.04008211720324402
868 0.04047984983458122
869 0.04087761756432645
870 0.04127541922300693
871 0.04167325368407686
872 0.0420711198620387
873 0.04246901671050018
874 0.04286694322038048
875 0.04326489841820457
876 0.04366288136447303
877 0.04406089115215231
878 0.04445892690521613
879 0.044856987777273385
880 0.045255072950273326
881 0.04565318163327463
882 0.046051313061276196
883 0.04644946649411445
884 0.0468476412154027
885 0.04715418450176956
886 0.047192377559787946
887 0.04694039752131869
888 0.04654301776609085
889 0.04629338981443266
890 0.0463406199311984
891 0.046656348449551084
892 0.046709051683848965
893 0.04646862062672618
894 0.046230393717989635
895 0.045994405301509195
896 0.04576069010305408
897 0.04582777782951455
898 0.045599190262455735
899 0.04537297133978296
900 0.04514915675583007
901 0.04492778253231143
902 0.044708885007431795
903 0.04431801711613024
904 0.044102274476769725
905 0.04371221510472328
906 0.04349973531575939
907 0.04328990300704616
908 0.04308275694532931
909 0.042878336144943574
910 0.04267667984930518
911 0.042477827510540245
912 0.04209259854048128
913 0.04170763841747369
914 0.04151343283552311
915 0.04132218135156379
916 0.04143853692577054
917 0.04155841241796003
918 0.04168177741146468
919 0.04180860096830394
920 0.041633408002513646
921 0.04146132884228642
922 0.0412924024848291
923 0.04112666784737771
924 0.04127003018262096
925 0.04111084286363303
926 0.04095493882074082
927 0.04110828897968495
928 0.041264941988153586
929 0.041424860314294716
930 0.04158800622694644
931 0.04144866597500101
932 0.04108631772499109
933 0.040710705275197386
934 0.040544024360735224
935 0.040170126997158676
936 0.03980602383706534
937 0.03943376069852334
938 0.039072904717989736
939 0.0387040076182029
940 0.0383373667987317
941 0.037981078547547446
942 0.03761780650376578
943 0.037264974003671354
944 0.036905069266664176
945 0.03655569453544663
946 0.036199155546771736
947 0.035853240726797526
948 0.03550006583137532
949 0.03515761320039611
950 0.03481754866892638
951 0.034468812621832524
952 0.034132222448631816
953 0.033798043169284114
954 0.03345372696240997
955 0.03311169521416693
956 0.032771957917042245
957 0.03243452551349826
958 0.03228974080783821
959 0.03195687781387869
960 0.031626363850657084
961 0.031299980472808325
962 0.030975996436572593
963 0.030654426510694343
964 0.030335286158239563
965 0.03001859157552855
966 0.02970435973352724
967 0.02939260842182164
968 0.02908335629539581
969 0.028776622924541008
970 0.028457604923933837
971 0.028140909501934798
972 0.028000377375154976
973 0.028120260324346162
974 0.028428638341005712
975 0.02873946953857616
976 0.02905273605511061
977 0.029368420908749318
978 0.029685789871614236
979 0.03000488415150447
980 0.03032566281300451
981 0.030648166462037135
982 0.030973052553254915
983 0.03130030716417297
984 0.03162991700776505
985 0.031961869397699655
986 0.03229615221657312
987 0.03263275388531798
988 0.032971663334892806
989 0.033312869979486306
990 0.033656363691370046
991 0.034002134777220264
992 0.03435017395585672
993 0.03470047233725855
994 0.03505302140282062
995 0.035407812986731416
996 0.03576483925843027
997 0.03612409270606208
998 0.036485566120879595
999 0.036849252582585854
1000 0.03702483418540992
1001 0.037204116143328275
1002 0.037387072979205224
1003 0.037573679275795795
1004 0.037763909696587904
1005 0.03795773900561871
1006 0.03815514208633049
1007 0.03835609395889833
1008 0.038264585844047454
1009 0.037933412502914036
1010 0.03784838882754516
1011 0.037522334476329154
1012 0.03714460456225515
1013 0.036937229722925895
1014 0.03673339979219341
1015 0.036533141836544485
1016 0.03662571674264387
1017 0.036722343216381195
1018 0.03682300433238575
1019 0.036927682678525274
1020 0.03674400042366779
1021 0.03685592192662923
1022 0.03667918377052132
1023 0.036315798094541954
1024 0.03595462052939517
1025 0.035617468365138155
1026 0.03525960043223453
1027 0.03492600565117114
1028 0.034813694113562145
1029 0.03448501488885378
1030 0.034130875049038674
1031 0.03380580091563361
1032 0.03348325777227371
1033 0.03316326278806293
1034 0.03284583381745128
1035 0.03274958250947004
1036 0.032437337438958186
1037 0.03209018208437482
1038 0.031745191038051075
1039 0.03143775108187967
1040 0.03113296587866285
1041 0.030830857930622107
1042 0.030531450681965312
1043 0.03023476856283029
1044 0.029940837034839546
1045 0.02964968263893687
1046 0.0293144324509172
1047 0.02898131097781693
1048 0.028650323792559475
1049 0.028321476781201844
1050 0.02799477616500835
1051 0.02767022852438255
1052 0.02734784082483943
1053 0.027027620445250963
1054 0.02670957520851015
1055 0.02654373838438253
1056 0.02662962830132908
1057 0.0269155526927768
1058 0.02720420128671016
1059 0.02749554500236521
1060 0.027789556181713283
1061 0.028086208510716526
1062 0.028385476945195623
1063 0.028687337640930927
1064 0.02899176788805037
1065 0.029298746048993095
1066 0.02960825150029155
1067 0.029920264577751307
1068 0.030234766524798534
1069 0.030551739443888976
1070 0.030880016556107406
1071 0.03121060946906333
1072 0.03154350661023204
1073 0.03187869694153854
1074 0.03221616992986137
1075 0.03255591551938763
1076 0.032897924105687835
1077 0.0332421865114221
1078 0.03358869396351658
1079 0.0339374380718054
1080 0.034288410817477535
1081 0.03464160449103561
1082 0.03481369411356237
1083 0.03498958778677907
1084 0.034884737897881324
1085 0.034559508458806926
1086 0.034202743385368085
1087 0.033881171692270104
1088 0.033562173661766004
1089 0.0332457675587174
1090 0.03293197235925683
1091 0.032620807784076354
1092 0.03231229432645829
1093 0.031964285983991855
1094 0.03165954593472302
1095 0.03131477621405362
1096 0.031013829268366294
1097 0.030715604488257914
1098 0.030420126696270144
1099 0.030127421742506787
1100 0.0298375165507976
1101 0.029550439166728885
1102 0.029485900377245872
1103 0.02968258511223673
1104 0.029626389753546426
1105 0.02957489615477898
1106 0.029782647411725472
1107 0.029994134067980672
1108 0.03020931290186767
1109 0.0304281415428078
1110 0.030395527841191664
1111 0.030621421522959283
1112 0.03085084970478795
1113 0.030829745147572994
1114 0.03081327569890538
1115 0.03105292001676971
1116 0.03104441898649934
1117 0.03129074729432626
1118 0.03129013823149977
1119 0.03129412685242808
1120 0.03130271201365671
1121 0.03156199787078217
1122 0.03157833900640379
1123 0.03159924361151912
1124 0.03162470586791631
1125 0.03165471871584757
1126 0.03192953656487257
1127 0.03196710850944577
1128 0.03224792829518771
1129 0.03260538569882743
1130 0.03283057002641791
1131 0.033059247721295704
1132 0.03329138448161243
1133 0.033526946665567235
1134 0.03376590129528251
1135 0.033741985282949666
1136 0.033468943878477125
1137 0.033198981829731446
1138 0.03293212861288587
1139 0.03266841454949612
1140 0.032407870823992595
1141 0.03204903653072229
1142 0.031692200175984356
1143 0.03133736181121334
1144 0.030984521489515617
1145 0.030633679265769088
1146 0.030284835196751722
1147 0.029937989341262856
1148 0.029593141760281536
1149 0.02925029251708983
1150 0.028909441677471216
1151 0.028570589309862386
1152 0.028233735485570052
1153 0.02789888027896933
1154 0.02756602376775053
1155 0.02723516603315239
1156 0.0269063071602665
1157 0.026681431457938345
1158 0.026460237426674117
1159 0.026477520026613365
1160 0.02672286588131041
1161 0.02674879588861891
1162 0.026779845612137712
1163 0.026816001108472088
1164 0.0270748356011579
1165 0.027336824173857188
1166 0.02760192514445132
1167 0.027870098536483957
1168 0.02814130601076799
1169 0.02841551079877019
1170 0.028475810389178152
1171 0.028540915276743708
1172 0.028610801971024048
1173 0.02889691103450933
1174 0.02897445047586776
1175 0.02926622678745929
1176 0.029560746921479766
1177 0.029648569939341576
1178 0.02974097035757818
1179 0.029837919614878854
1180 0.02993938826896522
1181 0.030247364821347184
1182 0.030579526388881773
1183 0.030913928638839724
1184 0.031250562481425465
1185 0.03158941926159335
1186 0.03193049073396373
1187 0.032273769039362105
1188 0.032619246682947495
1189 0.03296691651374729
1190 0.03331677170554264
1191 0.03366880573897689
1192 0.034023012384803285
1193 0.03437938568820014
1194 0.03473791995408509
1195 0.03509860973330822
1196 0.03546144980972222
1197 0.035826435188053014
1198 0.03619356108253214
1199 0.036562822906364034
1200 0.03693421626016593
1201 0.037307736925701336
1202 0.03768338085368541
1203 0.03806114415699626
1204 0.03844102310241386
1205 0.038823014103215515
1206 0.03920711371206848
1207 0.03959331861441477
1208 0.039981625622181154
1209 0.04037110726827086
1210 0.040760783886862384
1211 0.041150649621734356
1212 0.04136567212023773
1213 0.04128288885333698
1214 0.04094945615897421
1215 0.040872504995468316
1216 0.04054242292474876
1217 0.040471439335725765
1218 0.040144852289946666
1219 0.04007997215984326
1220 0.03975735931050858
1221 0.039698908846782906
1222 0.03938155173181648
1223 0.039066933950808756
1224 0.03867616709549105
1225 0.03843862353300506
1226 0.03820440462214007
1227 0.03797353549146109
1228 0.037746041612301176
1229 0.03752194879107848
1230 0.03730128316053027
1231 0.03708407116994098
1232 0.03687033957411784
1233 0.03666011542152287
1234 0.03645342604083542
1235 0.03625029902647698
1236 0.03588059063957197
1237 0.035560044740556386
1238 0.03524213454715329
1239 0.03487682433383246
1240 0.03451362189109842
1241 0.034317609510767524
1242 0.03412529508801149
1243 0.034216456367766684
1244 0.03431181822362068
1245 0.034411360737012966
1246 0.034232932371394305
1247 0.03387936831941762
1248 0.03355669201471296
1249 0.033206406276975714
1250 0.03285831511633552
1251 0.03251242561652193
1252 0.03216874519418515
1253 0.031827281618248465
1254 0.03151252001722553
1255 0.031200322445732998
1256 0.0308907087086566
1257 0.030554632526635594
1258 0.030248675785041198
1259 0.029945344780393776
1260 0.02964466236712833
1261 0.02934665242830305
1262 0.02905133992797202
1263 0.02872270448193456
1264 0.028396254797455434
1265 0.028071998977109675
1266 0.02774994558364877
1267 0.027430103672461924
1268 0.027112482826828252
1269 0.026797093196186714
1270 0.026641667908139707
1271 0.026490705651975432
1272 0.026592642609049696
1273 0.026886148834193328
1274 0.027182250380488392
1275 0.02748092267518722
1276 0.02778214240008954
1277 0.028085887417383937
1278 0.028392136700282056
1279 0.02870087026811733
1280 0.029012069124784684
1281 0.029325715206254255
1282 0.029641791318582508
1283 0.029960281096985623
1284 0.030281185736029843
1285 0.030603090190454
1286 0.030927382806334006
1287 0.03125404944631694
1288 0.031583076618130694
1289 0.031914451439759704
1290 0.03224816160673847
1291 0.032584195361428606
1292 0.03292254146412897
1293 0.033263189165938574
1294 0.03360612818317623
1295 0.033951348673510275
1296 0.03429884121280336
1297 0.034648596774898226
1298 0.03500060671032072
1299 0.035354862728181405
1300 0.03571135687809291
1301 0.03607008153337996
1302 0.0364310293752476
1303 0.036794193377812645
1304 0.036968936488480215
1305 0.03685439610857178
1306 0.036516615670001425
1307 0.03618132369118463
1308 0.035817741903169054
1309 0.03548606229355837
1310 0.03515690040655197
1311 0.0348302720511357
1312 0.03447218359980873
1313 0.03411626693119481
1314 0.03379439093607543
1315 0.03347508211071433
1316 0.03312352965109467
1317 0.03277415025100325
1318 0.032426950274483966
1319 0.03208193638709782
1320 0.03176955116079903
1321 0.031427799910914565
1322 0.031119089114528656
1323 0.030813004271090048
1324 0.030475572995342724
1325 0.03017319927797581
1326 0.029873497081592655
1327 0.02957649072714658
1328 0.029282205612465053
1329 0.028951192018052106
1330 0.02862234470124657
1331 0.028295670882858035
1332 0.02797117819173981
1333 0.027648874693562142
1334 0.0274844550737792
1335 0.027576465674241043
1336 0.027869624918544722
1337 0.028165443069912696
1338 0.028463894589225176
1339 0.028764955148594954
1340 0.02906860156594967
1341 0.029374811743343263
1342 0.029683564608825173
1343 0.02999484006168101
1344 0.030308618920417692
1345 0.03062488287581413
1346 0.030954448951507948
1347 0.031286317482558654
1348 0.031620477381430916
1349 0.031956918073923264
1350 0.03229562946971905
1351 0.032636601936313174
1352 0.032979826273949554
1353 0.03332529369230912
1354 0.03367299578856904
1355 0.03402292452684321
1356 0.034193256923221976
1357 0.03436743000653823
1358 0.03426342857990453
1359 0.03394109817641248
1360 0.03358755196416783
1361 0.033410973356993355
1362 0.03306160935754605
1363 0.03274299657523427
1364 0.03239690671138694
1365 0.03205301589443141
1366 0.03173911557768196
1367 0.03142779991091461
1368 0.031119089114528785
1369 0.030813004271089885
1370 0.030475572995342714
1371 0.030173199277975283
1372 0.029873497081592645
1373 0.029576490727145875
1374 0.029282205612467225
1375 0.02895119201805192
1376 0.028622344701246392
1377 0.028295670882857796
1378 0.027971178191739596
1379 0.027648874693561965
1380 0.027484455073779168
1381 0.027576465674241074
1382 0.027869624918544837
1383 0.028165443069912612
1384 0.028463894589225144
1385 0.02876495514859491
1386 0.029068601565949693
1387 0.029374811743343332
1388 0.029683564608825184
1389 0.029994840061680995
1390 0.030308618920417654
1391 0.030624882875814174
1392 0.03095444895150796
1393 0.03128631748255869
1394 0.03162047738143094
1395 0.03195691807392329
1396 0.03229562946971894
1397 0.03263660193631315
1398 0.032979826273949506
1399 0.033325293692309146
1400 0.03367299578856909
1401 0.034022924526843135
1402 0.03419325692322205
1403 0.03436743000653821
1404 0.03426342857990455
1405 0.03394109817641244
1406 0.03358755196416782
1407 0.03341097335699338
1408 0.033061609357546026
1409 0.03274299657523429
1410 0.032396906711386966
1411 0.032053015894431394
1412 0.03173911557768194
1413 0.03142779991091459
1414 0.031119089114528823
1415 0.03081300427108989
1416 0.030475572995342714
1417 0.03017319927797532
1418 0.02987349708159264
1419 0.02957649072714587
1420 0.02928220561246724
1421 0.028951192018051887
1422 0.02862234470124643
1423 0.028295670882857803
1424 0.027971178191739568
1425 0.027648874693561955
1426 0.027484455073780705
1427 0.02757646567424069
1428 0.02786962491854385
1429 0.028165443069913535
1430 0.02846389458922508
1431 0.028764955148595922
1432 0.02906860156594985
1433 0.029374811743343648
1434 0.029683564608826703
1435 0.02999484006168071
1436 0.030308618921812996
1437 0.030624882875803946
1438 0.030954448951343944
1439 0.03128631748257991
1440 0.03162047738142105
1441 0.031956918073919136
1442 0.03229562946972061
1443 0.0326366019363134
1444 0.03297982627394925
1445 0.03332529369230983
1446 0.03367299578856893
1447 0.03402292452684303
1448 0.03419325692322148
1449 0.034367430006539676
1450 0.0342634285799252
1451 0.03394109817640765
1452 0.033587551964164825
1453 0.03341097335697858
1454 0.03306160935754379
1455 0.032742996575358944
1456 0.03239690671138812
1457 0.03205301589443219
1458 0.03173911557775502
1459 0.03142779991087188
1460 0.03111908911452837
1461 0.03081300427109263
1462 0.030475572995344792
1463 0.030173199277974815
1464 0.029873497081591944
1465 0.02957649072714569
1466 0.029282205612467263
1467 0.028951192018051894
1468 0.028622344701246423
1469 0.02829567088285781
1470 0.027971178191739582
1471 0.027648874693562014
1472 0.027484455073780664
1473 0.02757646567425251
1474 0.027869624918545725
1475 0.028165443069912647
1476 0.028463894589224825
1477 0.028764955148595433
1478 0.029068601565949703
1479 0.029374811743343825
1480 0.029683564608826738
1481 0.029994840061680943
1482 0.030308618921812563
1483 0.030624882875803765
1484 0.030954448951344075
1485 0.03128631748257981
1486 0.031620477381421194
1487 0.03195691807391925
1488 0.03229562946972056
1489 0.032636601936313264
1490 0.03297982627394973
1491 0.03332529369230946
1492 0.03367299578856941
1493 0.03402292452684417
1494 0.034193256923221
1495 0.034367430006547635
1496 0.03426342857992516
1497 0.03394109817640766
1498 0.033587551964164845
1499 0.033410973356978554
1500 0.03306160935754384
1501 0.03274299657535899
1502 0.032396906711388035
1503 0.03205301589443222
1504 0.03173911557775506
1505 0.03142779991087186
1506 0.03111908911452834
1507 0.030813004271092615
1508 0.03047557299534484
1509 0.030173199277974783
1510 0.029873497081591937
1511 0.02957649072714562
1512 0.029282205612467225
1513 0.028951192018051825
1514 0.028622344701246423
1515 0.028295670882857803
1516 0.02797117819173968
1517 0.027648874693562035
1518 0.027484455073780674
1519 0.02757646567425255
1520 0.027869624918545693
1521 0.02816544306991263
1522 0.02846389458922483
1523 0.028764955148595367
1524 0.029068601565949693
1525 0.02937481174334382
1526 0.029683564608826735
1527 0.029994840061680884
1528 0.030308618921812625
1529 0.03062488287580377
1530 0.030954448951344013
1531 0.031286317482579824
1532 0.03162047738142118
1533 0.03195691807391927
1534 0.0322956294697206
1535 0.03263660193631327
1536 0.032979826273949756
1537 0.03332529369230944
1538 0.03367299578856941
1539 0.03402292452684413
1540 0.03419325692322097
1541 0.034367430006547635
1542 0.0342634285799252
1543 0.033941098176407676
1544 0.033587551964164804
1545 0.03341097335697855
1546 0.033061609357543834
1547 0.032742996575358944
1548 0.03239690671138804
1549 0.03205301589443221
1550 0.031739115577755064
1551 0.03142779991087183
1552 0.031119089114528316
1553 0.030813004271092615
1554 0.030475572995344855
1555 0.030173199277974752
1556 0.029873497081591937
1557 0.029576490727145622
1558 0.029282205612467263
1559 0.028951192018051856
1560 0.028622344701246458
1561 0.028295670882857813
1562 0.027971178191739648
1563 0.027648874693562035
1564 0.027484455073780736
1565 0.027576465674252485
1566 0.027869624918545704
1567 0.028165443069912657
1568 0.028463894589224846
1569 0.028764955148595353
1570 0.029068601565949818
1571 0.029374811743343835
1572 0.029683564608826613
1573 0.02999484006168068
1574 0.030308618921812885
1575 0.0306248828758038
1576 0.03095444895134384
1577 0.03128631748257983
1578 0.03162047738142111
1579 0.031956918073919316
1580 0.03229562946972068
1581 0.03263660193631321
1582 0.03297982627394973
1583 0.03332529369230933
1584 0.03367299578856936
1585 0.03402292452684412
1586 0.034193256923221005
1587 0.034367430006547635
1588 0.034263428579925204
1589 0.03394109817640762
1590 0.033587551964164845
1591 0.033410973356978554
1592 0.03306160935754387
1593 0.032742996575358965
1594 0.03239690671138812
1595 0.03205301589443222
1596 0.031739115577755064
1597 0.031427799910871815
1598 0.031119089114528382
1599 0.030813004271092664
1600 0.03047557299534482
1601 0.03017319927797479
1602 0.0298734970815919
1603 0.029576490727145632
1604 0.0292822056124673
1605 0.02895119201805187
1606 0.028622344701246426
1607 0.028295670882857827
1608 0.027971178191739686
1609 0.027648874693562083
1610 0.02748445507378074
1611 0.027576465674252502
1612 0.02786962491854567
1613 0.028165443069912685
1614 0.02846389458922478
1615 0.028764955148595325
1616 0.029068601565949818
1617 0.029374811743343804
1618 0.029683564608826655
1619 0.02999484006168085
1620 0.030308618921812882
1621 0.030624882875803974
1622 0.030954448951343846
1623 0.031286317482579845
1624 0.03162047738142111
1625 0.031956918073919385
1626 0.03229562946972076
1627 0.032636601936313264
1628 0.03297982627394981
1629 0.03332529369230954
1630 0.03367299578856942
1631 0.03402292452684415
1632 0.03419325692322107
1633 0.03436743000654768
1634 0.034263428579925176
1635 0.033941098176407614
1636 0.03358755196416498
1637 0.03341097335697854
1638 0.03306160935754382
1639 0.03274299657535898
1640 0.032396906711388083
1641 0.03205301589443221
1642 0.031739115577755106
1643 0.03142779991087187
1644 0.03111908911452834
1645 0.03081300427109258
1646 0.030475572995344848
1647 0.03017319927797484
1648 0.029873497081591906
1649 0.029576490727145667
1650 0.029282205612467315
1651 0.02895119201805185
1652 0.028622344701246423
1653 0.028295670882857844
1654 0.027971178191739655
1655 0.02764887469356204
1656 0.027484455073779227
1657 0.027576465674253443
1658 0.02786962491854472
1659 0.028165443069912553
1660 0.028463894589224936
1661 0.028764955148596023
1662 0.029068601565949686
1663 0.029374811743343804
1664 0.029683564608826582
1665 0.029994840061681006
1666 0.03030861892181282
1667 0.030624882875803866
1668 0.03095444895134372
1669 0.031286317482579776
1670 0.031620477381421076
1671 0.031956918073919365
1672 0.032295629469720664
1673 0.03263660193631331
1674 0.032979826273949825
1675 0.03332529369230972
1676 0.03367299578856867
1677 0.03402292452684315
1678 0.03419325692322145
1679 0.0343674300065476
1680 0.03426342857990207
1681 0.033941098176411055
1682 0.033587551964193135
1683 0.03341097335697858
1684 0.03306160935754388
1685 0.032742996575358944
1686 0.03239690671138804
1687 0.03205301589443222
1688 0.03173911557775515
1689 0.03142779991087182
1690 0.031119089114528403
1691 0.030813004271092615
1692 0.030475572995344827
1693 0.030173199277974905
1694 0.029873497081591847
1695 0.02957649072714569
1696 0.029282205612467294
1697 0.02895119201805188
1698 0.028622344701246413
1699 0.028295670882857782
1700 0.027971178191739617
1701 0.027648874693562
1702 0.027484455073779092
1703 0.027576465674253394
1704 0.02786962491854463
1705 0.028165443069912612
1706 0.028463894589225
1707 0.02876495514859602
1708 0.02906860156594966
1709 0.029374811743343845
1710 0.02968356460882663
1711 0.02999484006168089
1712 0.03030861892181285
1713 0.030624882875803942
1714 0.03095444895134377
1715 0.031286317482579824
1716 0.031620477381421146
1717 0.03195691807391931
1718 0.03229562946972066
1719 0.03263660193631323
1720 0.032979826273949894
1721 0.033325293692309736
1722 0.03367299578856871
1723 0.03402292452684314
1724 0.03419325692322146
1725 0.0343674300065477
1726 0.03426342857990179
1727 0.033941098176411104
1728 0.03358755196419301
1729 0.03341097335697868
1730 0.03306160935754388
1731 0.03274299657535887
1732 0.03239690671138808
1733 0.03205301589443221
1734 0.03173911557775512
1735 0.03142779991087187
1736 0.03111908911452843
1737 0.030813004271092584
1738 0.03047557299534487
1739 0.030173199277974922
1740 0.029873497081591885
1741 0.029576490727145726
1742 0.029282205612467263
1743 0.028951192018051904
1744 0.0286223447012473
1745 0.028295670882858216
1746 0.02797117819174006
1747 0.027648874693561653
1748 0.027484455073775064
1749 0.027576465674247673
1750 0.02786962491854375
1751 0.028165443069912744
1752 0.028463894589225148
1753 0.028764955148595305
1754 0.029068601565948423
1755 0.02937481174334397
1756 0.029683564608827945
1757 0.029994840061689863
1758 0.03030861891991401
1759 0.030624882875813553
1760 0.030954448951347215
1761 0.031286317482503385
1762 0.031620477381427564
1763 0.03195691807391926
1764 0.03229562946972071
1765 0.03263660193631245
1766 0.032979826273951136
1767 0.03332529369230988
1768 0.03367299578856853
1769 0.03402292452684347
1770 0.03419325692322065
1771 0.03436743000654335
1772 0.034263428579882634
1773 0.033941098176413144
1774 0.03358755196416919
1775 0.033410973356970255
1776 0.033061609357549065
1777 0.03274299657522993
1778 0.03239690671138117
1779 0.032053015894429784
1780 0.03173911557767846
1781 0.03142779991088232
1782 0.031119089114528195
1783 0.03081300427109311
1784 0.030475572995343474
1785 0.030173199277975824
1786 0.02987349708159248
1787 0.029576490727146486
1788 0.029282205612465476
1789 0.028951192018051616
1790 0.028622344701245524
1791 0.028295670882858052
1792 0.02797117819174011
1793 0.027648874693561063
1794 0.02748445507377999
1795 0.027576465674247538
1796 0.027869624918545097
1797 0.02816544306991239
1798 0.028463894589225314
1799 0.02876495514859513
1800 0.02906860156595021
1801 0.029374811743343922
1802 0.029683564608831047
1803 0.029994840061686213
1804 0.030308618919913922
1805 0.0306248828758136
1806 0.030954448951464958
1807 0.031286317482488696
1808 0.031620477381424164
1809 0.0319569180739149
1810 0.03229562946972085
1811 0.03263660193631183
1812 0.03297982627394947
1813 0.03332529369230878
1814 0.03367299578856847
1815 0.03402292452684317
1816 0.03419325692322096
1817 0.03436743000654944
1818 0.034263428579946756
1819 0.03394109817640988
1820 0.033587551964180264
1821 0.033410973356980844
1822 0.03306160935754888
1823 0.03274299657522986
1824 0.032396906711381096
1825 0.03205301589443264
1826 0.03173911557769822
1827 0.031427799910893846
1828 0.031119089114532886
1829 0.030813004271090398
1830 0.030475572995343366
1831 0.030173199277976143
1832 0.029873497081591868
1833 0.029576490727146566
1834 0.02928220561246584
1835 0.02895119201805145
1836 0.028622344701245594
1837 0.028295670882858063
1838 0.02797117819174016
1839 0.02764887469356105
1840 0.027484455073780036
1841 0.027576465674247538
1842 0.027869624918545124
1843 0.028165443069912435
1844 0.028463894589225304
1845 0.02876495514859518
1846 0.0290686015659502
1847 0.029374811743343866
1848 0.02968356460883108
1849 0.02999484006168619
1850 0.030308618919913877
1851 0.03062488287581358
1852 0.030954448951465013
1853 0.03128631748248874
1854 0.03162047738142416
1855 0.031956918073914896
1856 0.03229562946972086
1857 0.03263660193631182
1858 0.03297982627394945
1859 0.03332529369230879
1860 0.033672995788568486
1861 0.03402292452684321
1862 0.034193256923220984
1863 0.034367430006549474
1864 0.034263428579946714
1865 0.03394109817640993
1866 0.03358755196418024
1867 0.033410973356980914
1868 0.03306160935754246
1869 0.03274299657519646
1870 0.03239690671140169
1871 0.0320530158944357
1872 0.03173911557773737
1873 0.03142779991091703
1874 0.031119089114529767
1875 0.03081300427108952
1876 0.030475572995341982
1877 0.030173199277977094
1878 0.02987349708159159
1879 0.029576490727146187
1880 0.029282205612467294
1881 0.028951192018051627
1882 0.02862234470124596
1883 0.028295670882857827
1884 0.027971178191739266
1885 0.02764887469355999
1886 0.027484455073778655
1887 0.027576465674254768
1888 0.02786962491854669
1889 0.028165443069913962
1890 0.02846389458922563
1891 0.028764955148594593
1892 0.029068601565950175
1893 0.029374811743344158
1894 0.029683564608830895
1895 0.029994840061681956
1896 0.030308618920193087
1897 0.030624882875808824
1898 0.03095444895140847
1899 0.031286317482472195
1900 0.03162047738141353
1901 0.03195691807391434
1902 0.03229562946971724
1903 0.032636601936312466
1904 0.03297982627394852
1905 0.0333252936923093
1906 0.03367299578856909
1907 0.034022924526842885
1908 0.03419325692321988
1909 0.03436743000655097
1910 0.034263428579986564
1911 0.033941098176408356
1912 0.03358755196418025
1913 0.033410973356980914
1914 0.03306160935754252
1915 0.03274299657519647
1916 0.0323969067114017
1917 0.032053015894435745
1918 0.03173911557773732
1919 0.031427799910917036
1920 0.031119089114529735
1921 0.030813004271089572
1922 0.03047557299534189
1923 0.030173199277977084
1924 0.02987349708159156
1925 0.029576490727146233
1926 0.029282205612467263
1927 0.028951192018051658
1928 0.028622344701245996
1929 0.02829567088285777
1930 0.027971178191739263
1931 0.02764887469355999
1932 0.027484455073778634
1933 0.027576465674254747
1934 0.02786962491854669
1935 0.02816544306991401
1936 0.028463894589225637
1937 0.02876495514859464
1938 0.029068601565950168
1939 0.02937481174334415
1940 0.029683564608830915
1941 0.029994840061682005
1942 0.03030861892019311
1943 0.030624882875808765
1944 0.03095444895140846
1945 0.03128631748247213
1946 0.03162047738141352
1947 0.03195691807391433
1948 0.03229562946971719
1949 0.03263660193631239
1950 0.032979826273948444
1951 0.03332529369230931
1952 0.033672995788569
1953 0.0340229245268429
1954 0.03419325692321985
1955 0.03436743000655094
1956 0.03426342857998654
1957 0.03394109817640836
1958 0.0335875519641802
1959 0.03341097335698092
1960 0.033061609357542474
1961 0.03274299657519639
1962 0.032396906711401705
1963 0.03205301589443573
1964 0.031739115577737294
1965 0.03142779991091702
1966 0.03111908911452967
1967 0.030813004271089538
1968 0.03047557299534196
1969 0.030173199277977073
1970 0.02987349708159155
1971 0.02957649072714625
1972 0.02928220561246732
1973 0.028951192018051693
1974 0.028622344701245948
1975 0.028295670882857813
1976 0.02797117819173922
1977 0.02764887469356009
1978 0.027484455073778665
1979 0.02757646567425476
1980 0.027869624918546717
1981 0.028165443069913927
1982 0.02846389458922566
1983 0.028764955148594763
1984 0.02906860156595027
1985 0.029374811743344255
1986 0.02968356460883101
1987 0.02999484006168192
1988 0.03030861892019308
1989 0.030624882875808904
1990 0.03095444895140815
1991 0.03128631748247213
1992 0.03162047738141355
1993 0.03195691807391438
1994 0.032295629469717146
1995 0.03263660193631243
1996 0.03297982627394861
1997 0.03332529369230929
1998 0.03367299578856909
1999 0.034022924526842864
2000 0.03419325692321993
