38.70529646520421 0.6491407299269352 0.2805973799559445 0.0 0.0559865631656755 36.12439065230023 0.2653449068773601 3464.1016151377544 1
38.742540134088046 0.6648200871512482 0.27967181814994385 0.06000000000000005 0.021845051479942947 36.697801241690975 0.2592756445126413 3464.1016151377544 1
38.87332506693256 0.702390150057491 0.28091110063448044 0.030000000000000027 0.028962706263043494 37.66248356038667 0.2512323953641417 3464.1016151377544 1
38.96004257281372 0.6911804570186022 0.2796780140243886 0.010000000000000009 0.014009679809539783 38.24265937506704 0.2564726471974545 3464.1016151377544 1
39.05757981148048 0.6773155497820299 0.27983210772233447 0.030000000000000027 0.029927951150206463 39.23505015815235 0.25285845211263475 3464.1016151377544 1
39.18596007347171 0.703971958475991 0.27784523669424843 0.050000000000000044 0.05652996379889832 39.87763254637698 0.2527770754767666 3464.1016151377544 1
39.26203886071572 0.6805467323789267 0.27751239857120463 0.06000000000000005 0.028501071003340265 40.521427446195595 0.25156582251597664 3464.1016151377544 1
39.350510898797765 0.6709383772763208 0.2771459316084261 0.06000000000000005 0.0806789057283899 40.50608018789454 0.24922505352383317 3464.1016151377544 1
39.3533570234135 0.6551982477286239 0.27722513137365284 0.07999999999999996 0.06201305707914831 40.51673398863833 0.25155575598160157 3464.1016151377544 1
39.40917343248178 0.7142831959010729 0.2769980022161253 0.06999999999999995 0.06563842416423941 40.52929340608683 0.2511607135713129 3464.1016151377544 1
39.4093270969834 0.6702145918810537 0.2768441141783593 0.040000000000000036 0.0842100205936088 40.548065981204815 0.2577198497264541 3464.1016151377544 1
39.442212053753394 0.6497348667949205 0.2780658340865611 0.06000000000000005 0.0822206716090876 41.31059852494981 0.2587801132983574 3464.1016151377544 1
39.55400204001211 0.6767967662195982 0.2779030561706098 0.030000000000000027 0.056495675075271326 42.038919228752576 0.25438812917113174 3464.1016151377544 1
39.687836402450905 0.6908546620779705 0.278394120402097 0.030000000000000027 0.14026232118878115 43.05848281160381 0.25485622108896455 3464.1016151377544 1
39.84747649105528 0.6576107261970564 0.2766801378503989 0.050000000000000044 0.12289800051149345 44.08373699123269 0.25089740102561725 3464.1016151377544 1
40.011315190054155 0.7002700255928537 0.2752436214274147 0.040000000000000036 0.13353372225901486 44.80238285731101 0.25160207912320665 3464.1016151377544 1
40.15461151034733 0.7172256702918086 0.27619466861625475 0.040000000000000036 0.18772656357198172 44.85301570401801 0.24848758024437215 3464.1016151377544 1
40.24862394411304 0.7037681427568261 0.2766907205765095 0.06000000000000005 0.16480039276969327 44.87292553637588 0.24945421768572676 3464.1016151377544 1
40.35245515349628 0.6955699684892807 0.27728314211563837 0.050000000000000044 0.21679660980059495 44.19969181772911 0.24874127857346845 3464.1016151377544 1
40.47399641791041 0.6593384786226427 0.27638341393209276 0.06000000000000005 0.18359986938080064 44.22192359501442 0.24636016260441188 3464.1016151377544 1
40.67598220434833 0.6681144552446932 0.2764679467842125 0.040000000000000036 0.23331174302499327 44.23576589095172 0.2445413610356002 3464.1016151377544 1
40.79055821069956 0.6828757066838054 0.2762605126064415 0.050000000000000044 0.24772705027212513 44.217741008192206 0.2479101918635437 3464.1016151377544 1
40.907854528321295 0.6577513446614625 0.2773945494036963 0.06000000000000005 0.19766804352408474 44.870911258343675 0.2524765604859168 3464.1016151377544 1
41.028944305366366 0.6926243459157101 0.277484404571544 0.040000000000000036 0.1519983757805773 45.550073698437174 0.2453062790557961 3464.1016151377544 1
41.20616767585359 0.7059041524603588 0.2773286060508275 0.040000000000000036 0.09467471330022545 46.28353975900795 0.24851946173955836 3464.1016151377544 1
41.361549564028074 0.7270325009298806 0.27793204666406196 0.040000000000000036 0.09628424731661026 47.041684819536265 0.25006333700941524 3464.1016151377544 1
41.53002351445703 0.6734489917822826 0.27848222226817176 0.030000000000000027 0.10898291597299495 47.7761925344291 0.2506357057437791 3464.1016151377544 1
41.65963726735626 0.6992332923121921 0.2783523200156206 0.07999999999999996 0.08758715637587397 48.53588605133267 0.2497567571407425 3464.1016151377544 1
41.829474530362894 0.7056128774139776 0.2785769907735838 0.06000000000000005 0.1111544704604534 49.28669992831627 0.25072993230905954 3464.1016151377544 1
41.93367013942932 0.6879286087383427 0.2788429014352597 0.030000000000000027 0.12254295482253702 50.01114934848229 0.24827742011658277 3464.1016151377544 1
42.07522445543866 0.6779176158834547 0.27832368133861346 0.020000000000000018 0.14191196848103937 50.83990168389209 0.24815473931952164 3464.1016151377544 1
42.21724827349782 0.701443586986762 0.27927655452742606 0.040000000000000036 0.18010394901308116 51.53451217130308 0.24213402199176753 3464.1016151377544 1
42.30521716171768 0.691959320371377 0.2786864764393928 0.07999999999999996 0.17532429422386311 52.384394096210606 0.2530141073603758 3464.1016151377544 1
42.39774580942706 0.711855275879498 0.27888032449055233 0.06999999999999995 0.19142290931813147 53.21261692312685 0.24759846797329937 3464.1016151377544 1
42.53624117364587 0.7167200876346004 0.28006761275612485 0.06000000000000005 0.11365753965077344 53.97912692883571 0.2506244224486441 3464.1016151377544 1
42.67715203646188 0.7156216658853967 0.28025937982482824 0.040000000000000036 0.051286276482130744 54.19088239087395 0.25049718683102273 3464.1016151377544 1
42.850113745363785 0.6800332820152241 0.2814994271054403 0.040000000000000036 0.05949283902630985 55.02449443330309 0.24963381699125264 3464.1016151377544 1
42.98643899478606 0.6446157589809828 0.2791424008504026 0.06999999999999995 0.040673294801064803 55.99853289959107 0.24337586325776886 3464.1016151377544 1
43.10690329673308 0.621073026485553 0.28212078152768477 0.06999999999999995 0.0839335427076467 56.85223422696445 0.24808497518492956 3464.1016151377544 1
43.160509811057324 0.7122407858900065 0.27706002925184314 0.030000000000000027 0.09151055169438436 57.85329841692427 0.2510220224919851 3464.1016151377544 1
43.24251784737821 0.6657375773908845 0.27413925449419757 0.050000000000000044 0.04435235754004368 58.81741710056496 0.2485186566511602 3464.1016151377544 1
43.35830225615046 0.651428392013949 0.2623424615294475 0.06999999999999995 0.08038257594629604 59.40188202041591 0.24616186932941173 3464.1016151377544 1
43.465892675293794 0.6816341051810926 0.23889050251632243 0.050000000000000044 0.07784003879244052 59.99915190852191 0.24180016404490562 3464.1016151377544 1
43.5713266725461 0.6739523275242416 0.20916053907822496 0.06999999999999995 0.03679166327701539 60.57287124091459 0.24418353366720882 3464.1016151377544 1
43.700069421156236 0.6580019722595248 0.2231486152687437 0.06000000000000005 0.08356812353315046 61.108264594769146 0.24382050208245676 3464.1016151377544 1
43.92900592677088 0.6561243704272257 0.21617606472565493 0.06000000000000005 0.16146994112958177 61.693062898646964 0.24241416700497564 3464.1016151377544 1
44.03469474275132 0.6640522137011053 0.2646573438033335 0.040000000000000036 0.1652733889621679 62.23591934411131 0.24331662908831023 3464.1016151377544 1
44.16520778585308 0.7164130947629552 0.275358521023006 0.030000000000000027 0.13271364421939216 62.008148137068424 0.2415984497345004 3464.1016151377544 1
44.34810573806392 0.7274810253884428 0.2783445525299379 0.030000000000000027 0.168695623362141 62.45701489958595 0.23994220159317362 3464.1016151377544 1
44.55094611737528 0.7178617354215102 0.2763009037718491 0.040000000000000036 0.16174849920161674 62.23657005409216 0.23671519402847122 3464.1016151377544 1
44.800286907036536 0.72529746663443 0.27548089478305626 0.040000000000000036 0.2163608362401277 62.074864093576295 0.235911489333935 3464.1016151377544 1
45.02494230987386 0.7622949616298622 0.27904957300936056 0.010000000000000009 0.20810440041314135 62.6215999079922 0.24273695250323302 3464.1016151377544 1
45.23648053237447 0.7299757525472136 0.27873369740082277 0.020000000000000018 0.15638856897730888 63.2288827038403 0.23949314198383165 3464.1016151377544 1
45.40231430737621 0.7497928799527662 0.2769654310699055 0.040000000000000036 0.15600270931710417 63.877879617242144 0.23999118058848898 3464.1016151377544 1
45.556133470867934 0.7241431255022621 0.271686156747848 0.030000000000000027 0.15357366133471237 63.78125971695892 0.2388483145894552 3464.1016151377544 1
45.70749942247894 0.7014667089281901 0.27311931990121197 0.020000000000000018 0.15871743041609823 63.08494964945038 0.24082055753262796 3464.1016151377544 1
45.85887461591221 0.6947681169957258 0.27310752561730384 0.06000000000000005 0.18662668198213708 62.38817787473921 0.24340344820298243 3464.1016151377544 1
46.034169474604745 0.6700355670068996 0.27303719780124575 0.040000000000000036 0.19113402314225514 61.671679163785505 0.24135008241237377 3464.1016151377544 1
46.179276601171395 0.6992958612280993 0.27356895367176226 0.040000000000000036 0.16488649568627484 60.9835627104243 0.24148749705491898 3464.1016151377544 1
46.37440044605476 0.7079668988230691 0.27414617772743477 0.040000000000000036 0.12093030893148789 60.30759106898439 0.2405435877383032 3464.1016151377544 1
46.50751583640216 0.702605784607586 0.27469201430341955 0.030000000000000027 0.18066416623011722 59.66220344674892 0.2414977117799361 3464.1016151377544 1
46.60419518657464 0.7625536206980922 0.27464442088734503 0.030000000000000027 0.16030317671925234 59.05874925920555 0.24034225278465882 3464.1016151377544 1
46.75566942305654 0.7264703566241012 0.2741622790832385 0.010000000000000009 0.10774747281769796 58.45727790259877 0.23669467867717112 3464.1016151377544 1
46.85584087620052 0.6792349067065957 0.27617560510460704 0.040000000000000036 0.0319167894903952 58.52185828148465 0.24243583094738344 3464.1016151377544 1
47.01095136170188 0.6969636683312566 0.27692227957778254 0.06000000000000005 0.057866697712228014 58.58292255029818 0.23331983842377338 3464.1016151377544 1
47.17322004958337 0.6887586052397698 0.27937952221606727 0.06000000000000005 0.10969040963773093 59.347932591552905 0.2399087985749631 3464.1016151377544 1
47.3815773331094 0.6509560296102707 0.2806963296060061 0.08999999999999997 0.057866450142899706 60.32722164200402 0.2387424837425291 3464.1016151377544 1
47.577202821917226 0.6742414412024077 0.28133233497465826 0.040000000000000036 0.10544474091028427 61.34020723935539 0.24022085953651973 3464.1016151377544 1
47.8009771299221 0.7031321863620624 0.28193492901645567 0.040000000000000036 0.1296979948906638 62.355069163615354 0.23506398626213587 3464.1016151377544 1
48.01948296871908 0.6997219169127787 0.28130406894516824 0.030000000000000027 0.13002725349052494 63.076502267671934 0.23973965516548065 3464.1016151377544 1
48.2812347807503 0.6876069283036282 0.2810382188316426 0.020000000000000018 0.1015783596218599 64.051290854269 0.2362805947958432 3464.1016151377544 1
48.49284866946439 0.686374332635927 0.27504616359529305 0.06000000000000005 0.0459138087840965 65.04612866039473 0.24324122979076226 3464.1016151377544 1
48.72519836800337 0.7476928171440785 0.23763401014399566 0.040000000000000036 0.07290188029288529 66.01226458551842 0.23409631346920678 3464.1016151377544 1
48.9407462339893 0.7105741200986475 0.22297023539781413 0.06000000000000005 0.05352341814099375 66.73423903607085 0.24210047832200293 3464.1016151377544 1
49.140577948446655 0.6843594756757417 0.2794146412522439 0.050000000000000044 0.01270621046373857 66.72664890945683 0.24204530128042961 3464.1016151377544 1
49.36339983889138 0.6520513634032595 0.27337320467629084 0.10999999999999999 0.06962958636809807 67.38366173888737 0.23871052050027505 3464.1016151377544 1
49.52127268367377 0.7023119760971318 0.28160569754653253 0.050000000000000044 0.05114760127560962 67.40222534450695 0.23910248059456385 3464.1016151377544 1
49.7350340887804 0.7202673631157378 0.28251819955915214 0.050000000000000044 0.08478094853290223 67.42391837991659 0.24251592962245672 3464.1016151377544 1
49.8821129258457 0.6939148696244275 0.28197706064909667 0.10999999999999999 0.08380647667938759 67.46231092838632 0.23478208495633257 3464.1016151377544 1
50.10783875696502 0.7152937147423657 0.28210086663839723 0.06000000000000005 0.11690456345155376 68.54296678603393 0.23852622052749234 3464.1016151377544 1
50.352609414500236 0.7280638586440219 0.28224311620416687 0.06000000000000005 0.09953010767661538 69.32455892381806 0.22686286106233328 3464.1016151377544 1
50.61380718060206 0.7051386501185715 0.2823236926372996 0.06999999999999995 0.14250764348997366 70.06169550000224 0.23489908782612676 3464.1016151377544 1
50.871003627860496 0.7167089763595124 0.28217905287125766 0.050000000000000044 0.027578486245086797 70.73021352495445 0.23020522581633301 3464.1016151377544 1
51.09133889321016 0.7213746414081494 0.28049174806838645 0.08999999999999997 0.058570147426742485 70.77020350418353 0.23598831459941375 3464.1016151377544 1
51.342774067371096 0.6630125343694718 0.2782109534618834 0.09999999999999998 0.06098289428905979 71.51837771983072 0.23267130379133552 3464.1016151377544 1
51.59161451506429 0.7136558188721709 0.2018369916636642 0.06000000000000005 0.06090241960716798 72.30511281330752 0.23788885919114738 3464.1016151377544 1
51.832010404645246 0.6477250514381784 0.09651527392314446 0.07999999999999996 0.07914864811155295 73.12475393988974 0.2326219655733843 3464.1016151377544 1
52.05028439789757 0.6254185157706219 0.17950396439927735 0.08999999999999997 0.10183096758609177 73.2664148478234 0.2394422206834785 3464.1016151377544 1
52.35798179960671 0.6479583017125969 0.16469973946785496 0.06000000000000005 0.12593293223567598 73.45112434056901 0.23413243953096372 3464.1016151377544 1
52.65533945133509 0.6945520285716102 0.14556934441746075 0.07999999999999996 0.1702136329555255 73.71098659111406 0.2345690007151457 3464.1016151377544 1
53.01087242063182 0.6455985921758101 0.13254271403336912 0.06999999999999995 0.10599639256800256 73.88484531850504 0.23626924996830928 3464.1016151377544 1
53.301573128564826 0.6956335186278899 0.05258725153532145 0.06999999999999995 0.05647453449926609 74.70367375737439 0.23240988059946338 3464.1016151377544 1
53.59382417185507 0.6829021809493727 0.08559106772798057 0.06000000000000005 0.07544334160496634 74.85304902895025 0.2379770611023025 3464.1016151377544 1
53.91162113535569 0.6945837626711456 0.020743913690533054 0.06000000000000005 0.05891987848492441 75.66555015524159 0.23065619574288138 3464.1016151377544 1
54.22113212194814 0.7011078139710483 0.03149846719821376 0.040000000000000036 0.07362345226352457 75.69904325436671 0.2280635889402336 3464.1016151377544 1
54.54056675315161 0.7069549943038177 0.000850859013523825 0.050000000000000044 0.07837832689490742 76.37882577521628 0.2301032779528469 3464.1016151377544 1
54.855672056350954 0.6755667163074435 0.15712363443770738 0.06000000000000005 0.03273053908446442 76.40070525380736 0.23543140267279766 3464.1016151377544 1
55.164095726218136 0.6929568655197903 0.00986055765357811 0.040000000000000036 0.02786342695498401 77.00106126731194 0.23576644157496593 3464.1016151377544 1
55.48482507832958 0.6639717202353259 0.17359611604955433 0.050000000000000044 0.032626981121249066 76.84712350076985 0.2368482951484064 3464.1016151377544 1
55.77664654999105 0.7219483054993552 0.04147494102880754 0.010000000000000009 0.0559180238207476 77.46025620497355 0.23482011740105346 3464.1016151377544 1
56.038895788979794 0.7201611667653873 0.1731591748700896 0.020000000000000018 0.061819823252460535 77.44577848463199 0.23757658848723054 3464.1016151377544 1
56.303829178412165 0.7113703717599669 0.024084210799798503 0.040000000000000036 0.08691620248996552 78.17827419273851 0.2356905915010239 3464.1016151377544 1
56.604336439807646 0.7069016244879879 0.19402112507006256 0.040000000000000036 0.11641154605992918 78.21021906750676 0.2365400688969107 3464.1016151377544 1
56.90365597681826 0.6893897764597372 0.014513683377444525 0.06000000000000005 0.057340255293499724 78.88657347023131 0.23571258756055302 3464.1016151377544 1
57.18110364707477 0.7348249677744483 0.19080022240359354 0.050000000000000044 0.03457158072939059 78.88289240758068 0.23825973999603584 3464.1016151377544 1
57.451744374212865 0.6743697553773229 0.18201985317310296 0.030000000000000027 0.05669126732650394 78.91525033637173 0.23567602494914386 3464.1016151377544 1
57.64404257111336 0.6958317551236707 0.07499532734699539 0.07999999999999996 0.06796285655000475 79.60019916629494 0.23657666563557964 3464.1016151377544 1
57.86862340409439 0.6882941116816391 0.1511654847055465 0.10999999999999999 0.11183602214155197 79.64905915184086 0.23544912439797944 3464.1016151377544 1
58.07213109043322 0.684233867406163 0.1674677859780187 0.09999999999999998 0.11835576408263986 80.37441938236584 0.23589590156639847 3464.1016151377544 1
58.354017738063256 0.6908631724155028 0.012665182882604882 0.08999999999999997 0.08838801048953389 80.3920736582232 0.23406986346188985 3464.1016151377544 1
58.58026864731387 0.6827861342338835 0.19806318224664168 0.07999999999999996 0.061866147222680516 81.11704417573107 0.24088674877319335 3464.1016151377544 1
58.901583606007726 0.7261333343511996 0.009092452618433994 0.050000000000000044 0.06599435027442392 81.11276833562368 0.23251661194220893 3464.1016151377544 1
59.209362615879826 0.6677518223015695 0.0016583197157685869 0.08999999999999997 0.13208360825838533 81.08722008750503 0.2376727521101274 3464.1016151377544 1
59.50277388555227 0.6629044783536386 0.19456214777757405 0.08999999999999997 0.1378014662812304 81.01444916048528 0.239693325557861 3464.1016151377544 1
59.70607875637232 0.7655868633016588 0.020235403873805076 0.030000000000000027 0.18547669787576634 80.9109894103622 0.24358524830189773 3464.1016151377544 1
59.977259555860996 0.761514824479555 0.19778178028543886 0.040000000000000036 0.13101853898618115 81.51671481480396 0.2404594638295861 3464.1016151377544 1
60.226728362056534 0.7538725680504115 0.02085771209789461 0.050000000000000044 0.14539751599451534 81.45803065020559 0.23467714724280073 3464.1016151377544 1
60.45819249692282 0.7292579239187249 0.03185071191333083 0.040000000000000036 0.12864403961152976 81.4541341368481 0.2394303167883528 3464.1016151377544 1
60.736853537383595 0.738308432324329 0.028744297861037185 0.020000000000000018 0.03361539139360749 81.51762363227337 0.23603294284632334 3464.1016151377544 1
61.060615872704325 0.7344972962147552 0.2237058329658341 0.020000000000000018 0.048413403347053845 82.24878346922658 0.23817246773472198 3464.1016151377544 1
61.427538674132705 0.7386303615973792 0.22137902722059402 0.020000000000000018 0.05545071877984247 82.30311304597022 0.2325164808376003 3464.1016151377544 1
61.8087698291129 0.6965123290274352 0.18956240769190694 0.040000000000000036 0.0367612751879095 82.2897215077176 0.22983963965015683 3464.1016151377544 1
62.15140400882353 0.7120231801649807 0.17144797255167998 0.06000000000000005 0.07403835406629801 82.24284820331685 0.2296547021756503 3464.1016151377544 1
62.452343270229576 0.6720160738458916 0.13383278121383657 0.07999999999999996 0.03382175406017962 82.22473397879331 0.22905805480002936 3464.1016151377544 1
62.77623660881886 0.6771758222899801 0.1267000855912982 0.09999999999999998 0.02193847485913194 82.19883087406895 0.22788148710258443 3464.1016151377544 1
63.14148912840329 0.6844043219020014 0.10579487721702494 0.040000000000000036 0.038455226824504044 82.17837516998246 0.22933950092797403 3464.1016151377544 1
63.58215238126733 0.6772606677475259 0.07882301104070011 0.030000000000000027 0.060541172208855826 82.1323061253119 0.22256253701490533 3464.1016151377544 1
63.96677089854932 0.6880668868867816 0.020884750765734057 0.050000000000000044 0.055894039573581016 82.09889282025634 0.2199105924257214 3464.1016151377544 1
64.34353550513632 0.6520224669987492 0.1470137818949535 0.050000000000000044 0.0419425019799799 82.12856830552698 0.2300997449481921 3464.1016151377544 1
64.74599747350418 0.6456848441267371 0.04075310131996412 0.06999999999999995 0.03451406993252435 82.9074848606097 0.22995284570819102 3464.1016151377544 1
65.15380305497393 0.6757448044341917 0.15436844105159983 0.06000000000000005 0.03142079805024015 82.92660805462451 0.22290078670855087 3464.1016151377544 1
65.49434877275066 0.7146729802236267 0.15580793405020535 0.030000000000000027 0.05612014956002317 82.98396283462954 0.22976072565744474 3464.1016151377544 1
65.86993713864469 0.6786365686526924 0.023612559832065227 0.050000000000000044 0.08768850148411625 83.68381073482051 0.2248503818485775 3464.1016151377544 1
66.18083219868747 0.7197685223252583 0.0271357334097693 0.030000000000000027 0.17438644900113426 83.51814404700295 0.23143030670703682 3464.1016151377544 1
66.49581123933235 0.7124421359270798 0.023679396206989837 0.040000000000000036 0.1276801605312474 83.40901923492244 0.22659092387407376 3464.1016151377544 1
66.7844965866579 0.7103394452623287 0.1976099567855141 0.050000000000000044 0.09573034869542951 83.2926773923333 0.23136963276573524 3464.1016151377544 1
67.06300408331356 0.7250642190826316 0.02260756207606217 0.040000000000000036 0.15868649921665987 83.9504747043588 0.22446731796678734 3464.1016151377544 1
67.3406191677862 0.7092374184749555 0.19844348626608568 0.06999999999999995 0.09321172278731901 83.8762931529067 0.2253250512750664 3464.1016151377544 1
67.63550325427336 0.6967778031228249 0.011009564097980823 0.030000000000000027 0.18211485674629727 84.5188205262434 0.2212476311636097 3464.1016151377544 1
67.91652466424017 0.7001451917196748 0.15150641898730804 0.040000000000000036 0.1385687631968621 84.3961241095758 0.23127836229179446 3464.1016151377544 1
68.18894179786041 0.7402552651459195 0.1550270347463583 0.010000000000000009 0.13209647254724402 84.41103580655655 0.23567331982910433 3464.1016151377544 1
68.52069660179126 0.7098454706726949 0.038808952793200235 0.030000000000000027 0.15211327145551837 85.09822270746089 0.2337032037159771 3464.1016151377544 1
68.82389459553195 0.7004949967206592 0.1538397131258111 0.050000000000000044 0.09375249871421035 85.06073330239958 0.23405605261362988 3464.1016151377544 1
69.0951462464189 0.7112744347956566 0.16286197612987466 0.06999999999999995 0.14064805092965935 85.15070713799439 0.23444321478574195 3464.1016151377544 1
69.3841875079389 0.7301735317918384 0.27381186947295194 0.050000000000000044 0.09610886198280585 84.55930377509512 0.23666234851098814 3464.1016151377544 1
69.67351712263282 0.6800422909234765 0.27422889478345236 0.07999999999999996 0.09505627300277726 84.0288369209211 0.2353931531966249 3464.1016151377544 1
69.99896887460672 0.7233526301555726 0.2746106595119699 0.040000000000000036 0.12662820176180822 83.45127193386065 0.2356922815235435 3464.1016151377544 1
70.24622684065571 0.6985480742619861 0.2161349881176202 0.08999999999999997 0.13628913109115262 83.57345422389417 0.23156501342419827 3464.1016151377544 1
70.51740275266506 0.7087128298492391 0.27563719458416075 0.06999999999999995 0.17038139925849632 82.990185438033 0.24008191678711924 3464.1016151377544 1
70.72921261948687 0.7301165562332731 0.2759543612199038 0.050000000000000044 0.1255655120222422 82.38771922631837 0.2363776588790917 3464.1016151377544 1
71.00456225752419 0.7393168632624927 0.27622329043471 0.030000000000000027 0.21575142869140548 81.75338339090926 0.23712758283237084 3464.1016151377544 1
71.28895123826949 0.7069508862601692 0.27030339435575795 0.050000000000000044 0.2798145189245519 81.81877783941819 0.2342818016634858 3464.1016151377544 1
71.63483778331585 0.6537933893768494 0.2774759162325171 0.06999999999999995 0.15155624941898294 81.27820289667387 0.23338303690594622 3464.1016151377544 1
71.88271287492574 0.6617995988253473 0.27854970711207877 0.08999999999999997 0.1082455913889821 80.76357034661521 0.2280354380581015 3464.1016151377544 1
72.22071269682374 0.7208162809601413 0.25436008304549845 0.030000000000000027 0.12009521421549912 81.01555885386342 0.23181122903137363 3464.1016151377544 1
72.5784364221004 0.703813160749452 0.05621450905270803 0.020000000000000018 0.13663788164012003 81.81060086163066 0.22726177319717783 3464.1016151377544 1
72.82707552931569 0.7097843142593109 0.012724846169415728 0.07999999999999996 0.09855334945328283 82.72588237120245 0.22947711414246597 3464.1016151377544 1
73.09841853333587 0.6839740697132953 0.002935590764276005 0.08999999999999997 0.10916337562001015 82.63353683344695 0.2229574263500323 3464.1016151377544 1
73.37666066398985 0.6291920234785099 0.14606327641624725 0.10999999999999999 0.04195962348985317 82.85430219806919 0.22567831570550592 3464.1016151377544 1
73.58744735860441 0.6899875317116002 0.14921189348066025 0.08999999999999997 0.09257745700749222 83.0837914957348 0.22588539729305238 3464.1016151377544 1
73.85162350993838 0.709939455131898 0.03431325501656384 0.06999999999999995 0.020999880231921623 83.91322375118655 0.2288177484065913 3464.1016151377544 1
74.14823629993198 0.6928830313988599 0.030545312669029916 0.06000000000000005 0.03557923008408753 83.91314974275521 0.22718787237805316 3464.1016151377544 1
74.43971997383295 0.7264390998531551 0.027842422279523864 0.030000000000000027 0.04943667121248854 83.93665912831511 0.22251737688188086 3464.1016151377544 1
74.71235877379397 0.7578333766862947 0.16342963384373144 0.040000000000000036 0.0035252776988918496 83.65046969532125 0.22254452900893387 3464.1016151377544 1
74.91946894672769 0.7700374613857184 0.17409997891088355 0.040000000000000036 0.03401458578428023 83.42108015386457 0.22277514451040983 3464.1016151377544 1
75.1783096413762 0.7177392557302565 0.028331612892648378 0.07999999999999996 0.0550743481603743 83.9563587177113 0.22055501122798088 3464.1016151377544 1
75.44818338452019 0.7040270171012136 0.17357841356596815 0.050000000000000044 0.08010203501970578 83.75697274505188 0.2234040733552834 3464.1016151377544 1
75.76708959571152 0.6875467259929653 0.03270757452444625 0.06999999999999995 0.04237227676811799 84.30305495355917 0.2136280861938615 3464.1016151377544 1
76.01835953418369 0.6457373830847324 0.18093496211928234 0.13 0.0233369748894478 84.07380518151791 0.21770423738514616 3464.1016151377544 1
76.29083372016682 0.6676555711995268 0.018854290185355296 0.08999999999999997 0.03592193137304331 84.59528842678755 0.21466597840348015 3464.1016151377544 1
76.50116414441548 0.7269463864886077 0.18268468487944317 0.040000000000000036 0.07752763540445387 84.37764430665565 0.22934168126154536 3464.1016151377544 1
76.77208881960058 0.7281156244156294 0.009221897507750352 0.030000000000000027 0.05436267804127952 84.89910739538435 0.2209323209774976 3464.1016151377544 1
77.05968831715067 0.6839910223215054 0.1946305205552073 0.040000000000000036 0.09426693604359661 84.66292922212342 0.21730981389666573 3464.1016151377544 1
77.34066282196284 0.6629291715307359 0.203218796982162 0.050000000000000044 0.08799726456117357 84.38708883075275 0.220971768350662 3464.1016151377544 1
77.59438015403497 0.7062367847673741 0.21234418581739747 0.06000000000000005 0.08843561712995193 84.13963695905804 0.2204547477872798 3464.1016151377544 1
77.83774194193818 0.7340312802832655 0.044383882497530315 0.020000000000000018 0.011135542784032967 84.69602150238669 0.22148862402550365 3464.1016151377544 1
78.14145646314729 0.722390080466633 0.210785578701718 0.030000000000000027 0.034327029065762155 84.50204477437121 0.22013831208928475 3464.1016151377544 1
78.44606583814937 0.6866944766119927 0.06453531912700422 0.050000000000000044 0.09085961638193304 85.00616030413637 0.2155092390761468 3464.1016151377544 1
78.70828216350873 0.7207066144434152 0.04533096855528864 0.020000000000000018 0.10093872915340472 85.50224810712574 0.2201823429758544 3464.1016151377544 1
78.97815321208054 0.7385427626966756 0.024910197262281747 0.030000000000000027 0.015928393938629416 86.45624921779113 0.22217111189299274 3464.1016151377544 1
79.25983894553012 0.6996275466056181 0.0002767284336551948 0.020000000000000018 0.0704086119937373 87.20411766267807 0.2255776954160233 3464.1016151377544 1
79.57316516295425 0.6741812988634625 0.1292361539200684 0.050000000000000044 0.06587648185497473 87.10843959092608 0.2144887795030797 3464.1016151377544 1
79.87609107648692 0.6434012236529202 0.055475922977327924 0.040000000000000036 0.04866002778463209 87.87242700868158 0.21504646158508958 3464.1016151377544 1
80.20258620691143 0.6142594515328994 0.12695212855154245 0.06000000000000005 0.05287753064189466 87.98439172143722 0.21303855848982156 3464.1016151377544 1
80.48664949169613 0.6452085950143538 0.14630160231698064 0.06999999999999995 0.021559361219174684 88.15552969529388 0.2216421066233556 3464.1016151377544 1
80.84225440373642 0.6547139706698542 0.2138977964710272 0.020000000000000018 0.04602686099763979 88.33759979697427 0.21469466859630823 3464.1016151377544 1
81.13806533832094 0.6662422393517164 0.22092808382258605 0.050000000000000044 0.07827332006482311 88.5621439782137 0.2139320370077621 3464.1016151377544 1
81.41968738505689 0.635706655648474 0.2102064823404904 0.08999999999999997 0.06707104293791795 88.79938222830191 0.2132291336593789 3464.1016151377544 1
81.66611251023282 0.6806362349084496 0.12666812321285742 0.06000000000000005 0.08548616468504516 89.72362270267236 0.21677076152750943 3464.1016151377544 1
81.8803785906213 0.6619701415339602 0.1540494190834141 0.09999999999999998 0.044812308466775315 89.95374079223257 0.22047558222291153 3464.1016151377544 1
82.11007897828542 0.6644184791380442 0.027770034342105402 0.09999999999999998 0.05029607888287979 90.8210016106991 0.216819871829973 3464.1016151377544 1
82.29536557149619 0.7009343230403452 0.12120209408344874 0.06000000000000005 0.04125566346255529 91.02170857847972 0.2116600104375654 3464.1016151377544 1
82.5281784279695 0.6709220738526811 0.05199413304783285 0.07999999999999996 0.018760572981867434 91.89441353710569 0.21581982074316722 3464.1016151377544 1
82.75298715002313 0.6687982417212788 0.029060112629874436 0.06999999999999995 0.0821434231315463 91.80458566639048 0.21259380710673179 3464.1016151377544 1
82.9421622626236 0.6891676726650833 0.007391118506193468 0.06000000000000005 0.08188727468453932 91.74534565707124 0.21266652478148984 3464.1016151377544 1
83.11494539829938 0.6423894447904709 0.26645927094330124 0.09999999999999998 0.12284641031061737 91.44835998172046 0.21933074667753133 3464.1016151377544 1
83.30084433037004 0.6761077059421673 0.26060719095571283 0.06000000000000005 0.10538418977371351 91.14613273341044 0.2211414112041197 3464.1016151377544 1
83.50216233049083 0.6025457226834346 0.2436426297493202 0.07999999999999996 0.060485265233401336 90.8751178133288 0.22604094098045155 3464.1016151377544 1
83.70032092837621 0.6753182616955177 0.2679342238585181 0.030000000000000027 0.06569095509257791 90.64222797276274 0.21655057780630507 3464.1016151377544 1
83.84186294338451 0.6359894254921662 0.21922982281051887 0.07999999999999996 0.05166141070151336 90.41884681515896 0.2231677150244479 3464.1016151377544 1
84.0041172559149 0.6722165339177968 0.05015563000255922 0.06000000000000005 0.09026304408455134 90.97660751815658 0.21618107882632887 3464.1016151377544 1
84.26496598374602 0.6293229550187655 0.014864702441618196 0.07999999999999996 0.14640421885012228 91.98866146319295 0.21099805444594588 3464.1016151377544 1
84.41653375310882 0.676432233777416 0.03355279004647344 0.07999999999999996 0.12094293670694062 91.98936235294255 0.22052907969445693 3464.1016151377544 1
84.58868793901043 0.6869445517053759 0.0006347149321863098 0.07999999999999996 0.17058393987186504 91.9490225084344 0.21563719472953358 3464.1016151377544 1
84.75113437009857 0.6417977848992023 0.02266909562963252 0.09999999999999998 0.06710975566276488 91.95788194035488 0.21782385036198068 3464.1016151377544 1
84.94236716890407 0.673759480028598 0.252126078047671 0.06999999999999995 0.04604421787420905 91.79191773648253 0.21885067878214914 3464.1016151377544 1
85.18050479109412 0.7238013567243654 0.22399053349071812 0.030000000000000027 0.05631782763956079 91.60133003210883 0.2144972889398466 3464.1016151377544 1
85.42553360667895 0.701360322163658 0.2786006606242102 0.040000000000000036 0.03916466260109178 91.43575728888706 0.22075238220859963 3464.1016151377544 1
85.64260233869835 0.7015723056005864 0.07813649398048202 0.06000000000000005 0.0234657907638897 91.99647677800824 0.21961241237068233 3464.1016151377544 1
85.87095809068038 0.6873273671898158 0.2806253183382245 0.07999999999999996 0.07554951856234779 91.81214526503678 0.21689071347017155 3464.1016151377544 1
86.13557369485314 0.7029375547117648 0.28084628112506554 0.050000000000000044 0.052825868917882345 91.66646038788946 0.22716083559292927 3464.1016151377544 1
86.39792322649392 0.7188853762984019 0.2807880500084174 0.040000000000000036 0.16205315935970382 91.56336877853376 0.22145528316437563 3464.1016151377544 1
86.67000458114174 0.7388298873493591 0.2799570313760469 0.030000000000000027 0.20859090730574043 91.40473648596364 0.22318920301107933 3464.1016151377544 1
86.8502842599553 0.7700984930216487 0.27978150236623767 0.020000000000000018 0.18269085806751828 91.21346619546307 0.2227307108000636 3464.1016151377544 1
87.10081779417095 0.7591861444588173 0.2786228286949003 0.030000000000000027 0.13155839579569334 91.76049857676107 0.21672569550583662 3464.1016151377544 1
87.28694938203245 0.7619987515088239 0.2799556796747166 0.050000000000000044 0.13703440002273146 91.59951611274299 0.22385202321536507 3464.1016151377544 1
87.51450514346172 0.6755619926934677 0.2755901219939809 0.07999999999999996 0.10444847363285117 90.7494429929179 0.2238810130379462 3464.1016151377544 1
87.72228496145297 0.7359997039548861 0.2793834865725318 0.07999999999999996 0.13352323427804047 90.59644131013904 0.2256126322962963 3464.1016151377544 1
87.99081188095495 0.7430180135338301 0.27930782397544934 0.050000000000000044 0.07255424091263858 90.5111562806953 0.22032816458293197 3464.1016151377544 1
88.24875292662851 0.7353442468432452 0.2791357303814312 0.06000000000000005 0.021795166061211162 90.47794638291073 0.22437778596061303 3464.1016151377544 1
88.52388009788207 0.7632516046580973 0.2802277965189743 0.040000000000000036 0.0880465149093484 91.09478011221535 0.21440365967043923 3464.1016151377544 1
88.80262631391159 0.7485025175971736 0.2791358608305799 0.040000000000000036 0.02791711960383601 91.09814313102638 0.22287301397323392 3464.1016151377544 1
89.09654812966261 0.7413520973227063 0.2790624718385615 0.040000000000000036 0.09540983236222478 91.06593194142185 0.21416784148635376 3464.1016151377544 1
89.4174874126719 0.6884306834167646 0.2788612275985854 0.06000000000000005 0.07945750789506616 91.03722873770478 0.2169534436939774 3464.1016151377544 1
89.74790417557558 0.6735453228319355 0.2789123100302711 0.06000000000000005 0.09164267766136701 91.06657036762118 0.21662488383162498 3464.1016151377544 1
90.03918811875012 0.7236316249480146 0.2807485874012265 0.050000000000000044 0.12547213126599605 91.74995225002073 0.21008826005331405 3464.1016151377544 1
90.33820254907432 0.7590911519401591 0.2793466294504899 0.010000000000000009 0.1228722246087472 91.76257215992554 0.2166376294275619 3464.1016151377544 1
90.63310094477762 0.7374956943064107 0.28157395307920813 0.050000000000000044 0.07323754499698021 92.47340563450965 0.21630163305261818 3464.1016151377544 1
90.94782949995887 0.746871846641125 0.2807715578026921 0.040000000000000036 0.07211425997082299 93.48894747811528 0.2107475440543455 3464.1016151377544 1
91.21445436240634 0.7558099474867861 0.27905604787289484 0.040000000000000036 0.07927328130051159 94.23797457929409 0.21340286850284393 3464.1016151377544 1
91.52614305926693 0.7666548246630893 0.27614774293850575 0.020000000000000018 0.05986198442635483 94.25332375298733 0.20821490003001114 3464.1016151377544 1
91.82740739694815 0.7654883913177639 0.2753894073022108 0.010000000000000009 0.018552994822489535 94.21990049532177 0.21237869411268898 3464.1016151377544 1
92.10308035893429 0.7459814554529964 0.27582843661590906 0.040000000000000036 0.024084490977244005 94.2102412116958 0.21151113301757193 3464.1016151377544 1
92.3385181751411 0.6923110206393024 0.27481828621461984 0.10999999999999999 0.004110591913130323 94.9192844413859 0.21913100660596668 3464.1016151377544 1
92.60208264917142 0.7019941563885053 0.2752471582621853 0.06999999999999995 0.004598031414517019 94.93378334296789 0.21649345344195087 3464.1016151377544 1
92.86981953470642 0.715866612250024 0.2731671996943315 0.040000000000000036 0.07070468863952813 95.60164942263835 0.21526779378230892 3464.1016151377544 1
93.13206543424607 0.7077821913225806 0.2740874580346945 0.06000000000000005 0.043322489314920366 95.57286668744227 0.22112947656128118 3464.1016151377544 1
93.40805633629734 0.734204002684646 0.2695516688135892 0.030000000000000027 0.024813979951750872 96.29735336877712 0.21922100005942502 3464.1016151377544 1
93.68097590449986 0.7180570674268217 0.27058067869571334 0.06999999999999995 0.040459266092467784 96.31081844566307 0.21805922026039956 3464.1016151377544 1
93.98231730968452 0.6806199149320193 0.26542624817085003 0.06999999999999995 0.013710635317090516 97.06019802385975 0.21720518343376305 3464.1016151377544 1
94.27175761615842 0.7218695169052881 0.2713296559267438 0.050000000000000044 0.08801049296913789 97.17786304415745 0.21349731589190166 3464.1016151377544 1
94.6055728316315 0.7303172038357175 0.26882429418186343 0.040000000000000036 0.028760260474697062 97.87799234208352 0.2110406437060101 3464.1016151377544 1
94.88346458687923 0.7496625371365276 0.2734416094600897 0.040000000000000036 0.08897183799756078 97.99361849050725 0.21677332667985952 3464.1016151377544 1
95.17958320344867 0.7448837356784065 0.2743156363176537 0.030000000000000027 0.06413195777672573 98.04333126126257 0.21651213277892414 3464.1016151377544 1
95.45119500397007 0.739545563583004 0.2718611469655829 0.030000000000000027 0.05820429780888315 98.78009269750102 0.21860793690779742 3464.1016151377544 1
95.76646647392985 0.7457793338841076 0.27543649219894656 0.050000000000000044 0.030929550620565915 98.86789409508714 0.21358715441241732 3464.1016151377544 1
96.07509949746868 0.7184060864924032 0.2711730447465738 0.07999999999999996 0.07727527286248854 99.62397959018269 0.2147460938167177 3464.1016151377544 1
96.36300165035942 0.7486507162948596 0.2666277036117623 0.06000000000000005 0.07174497010532614 100.45714300731022 0.22599137948958514 3464.1016151377544 1
96.6401594230867 0.719751184596168 0.24177725749143492 0.08999999999999997 0.02399791845374366 101.28771186542878 0.218968917598455 3464.1016151377544 1
96.94250664449592 0.7522566803651918 0.1928911916539011 0.040000000000000036 0.022884348850329087 102.07465908051658 0.22370945405955875 3464.1016151377544 1
97.23927470053255 0.7848279769524643 0.1397414558772067 0.030000000000000027 0.00992691246906215 102.88441701712497 0.21541897638907606 3464.1016151377544 1
97.51481448976419 0.7838193748583393 0.15559804103189862 0.030000000000000027 0.046914270932245844 103.00008472900076 0.21829056945175523 3464.1016151377544 1
97.84033096865377 0.745574185833837 0.17839183264589092 0.050000000000000044 0.037256617373871245 103.17037536769661 0.21642241333772497 3464.1016151377544 1
98.21362734939608 0.6769890412923678 0.13760951083146739 0.06000000000000005 0.07657421203751849 103.94457581698487 0.215386918839646 3464.1016151377544 1
98.5459582929277 0.6918452518226418 0.16087222112872493 0.07999999999999996 0.09229566786076178 104.08400685231264 0.21465272906604846 3464.1016151377544 1
98.92909154146909 0.7273220431215496 0.17484474731232333 0.050000000000000044 0.07703514099606484 104.27196311118217 0.21235213701531971 3464.1016151377544 1
99.23532754767726 0.724673722346282 0.19260107293297085 0.06000000000000005 0.04873930214224845 104.43974628906908 0.2211811184418439 3464.1016151377544 1
99.55035897392753 0.7263184540957903 0.14433085182385624 0.08999999999999997 0.06702761314531917 105.26711498752395 0.21266332886317071 3464.1016151377544 1
99.86221233614295 0.7315785418982962 0.12623752457697207 0.06000000000000005 0.11008835747728879 106.06374869251356 0.20899096957401603 3464.1016151377544 1
100.16694645229367 0.7688180275078291 0.10757395726557194 0.020000000000000018 0.09694621081492458 107.00928319630898 0.2141521516130504 3464.1016151377544 1
100.48004529591432 0.7285319245220846 0.12069455213624511 0.040000000000000036 0.10852248037354989 107.77991116670526 0.21035952780391348 3464.1016151377544 1
100.87625356204332 0.7298044337949965 0.19593008738250953 0.040000000000000036 0.08202281312918246 107.98505640894163 0.2034680013578421 3464.1016151377544 1
101.15599101491318 0.7593735315784217 0.12737426739541685 0.050000000000000044 0.11816023210842277 108.86759367248585 0.20967226714034187 3464.1016151377544 1
101.54272135344054 0.7213651046453492 0.2171683956987912 0.040000000000000036 0.19169045856533423 109.09012774207328 0.20775311667941998 3464.1016151377544 1
101.91988190604705 0.6923354087250663 0.10373203280127824 0.050000000000000044 0.17274411828913638 109.95111053689598 0.2102168375567494 3464.1016151377544 1
102.3482861904918 0.6886734297860413 0.2595440003566783 0.040000000000000036 0.14386092255259642 110.12388099996876 0.2070318956499298 3464.1016151377544 1
102.69281457134919 0.7064898158620292 0.28145413641297345 0.07999999999999996 0.17966159842459659 110.14171035356085 0.20585736911630148 3464.1016151377544 1
102.99493110969321 0.708261525225316 0.2793804822393572 0.06999999999999995 0.11447422317099769 109.1861551422963 0.21254030887276276 3464.1016151377544 1
103.32673287399552 0.7025914334034088 0.2790311520774331 0.06999999999999995 0.14696419569159902 108.17665749854139 0.20606827576049344 3464.1016151377544 1
103.68144308845599 0.6561833286492279 0.2782716562325163 0.09999999999999998 0.13679035922191551 107.20721833950893 0.20461518560835878 3464.1016151377544 1
103.98247122084965 0.7253856623820483 0.27763134050946386 0.06000000000000005 0.143993314448537 106.26696329465446 0.20391115850289876 3464.1016151377544 1
104.31068650509293 0.6993687656834169 0.27676735626590987 0.050000000000000044 0.1492589967766601 105.31293141568149 0.20379717554759774 3464.1016151377544 1
104.65500301108587 0.6975871377939054 0.2763334142731809 0.06999999999999995 0.13750791656206243 104.32583313107995 0.21101408588934278 3464.1016151377544 1
105.00944416047308 0.69715290873354 0.27602350123584546 0.06000000000000005 0.11300999391670931 103.33216548715552 0.20652317709597812 3464.1016151377544 1
105.38822467973775 0.6559719338273234 0.27584846470339974 0.06000000000000005 0.12927414442182547 102.3653166675306 0.20641527192494616 3464.1016151377544 1
105.69508046723479 0.6786835387105026 0.27654149549306395 0.07999999999999996 0.14192034331809883 101.37665032655032 0.21294108065660716 3464.1016151377544 1
105.9860936544422 0.7424322336576726 0.27674375995526246 0.040000000000000036 0.1485432510955809 100.31872400706688 0.2151258480043771 3464.1016151377544 1
106.31221464918808 0.7285024708887291 0.27736071245248184 0.040000000000000036 0.1456442729613719 99.28447868860385 0.20803873429014852 3464.1016151377544 1
106.63123255928664 0.7580168071014849 0.2773710508239845 0.040000000000000036 0.11528096992604808 98.23878320691303 0.21026753613148377 3464.1016151377544 1
107.01848618649576 0.7345950099708425 0.27590449951378143 0.0 0.09564533991565041 97.17227222139262 0.2055728482383535 3464.1016151377544 1
107.32870326835663 0.7246309406208362 0.2724979738173938 0.06000000000000005 0.05922474296752062 96.1620654865435 0.20671279380965296 3464.1016151377544 1
107.60564305409608 0.7422217981376403 0.26858872388084043 0.030000000000000027 0.09702141634813018 95.11140207273488 0.20790413695474605 3464.1016151377544 1
107.92306048074629 0.7424664458139525 0.26351334733159226 0.020000000000000018 0.09648312613584441 94.06693624352737 0.21098938876139883 3464.1016151377544 1
108.18436296762422 0.7093460129943344 0.25950174005631416 0.07999999999999996 0.09540789922041402 93.03585185643405 0.21130833036021102 3464.1016151377544 1
108.46142403979152 0.7199844964622159 0.25821013149184613 0.040000000000000036 0.0799686962023439 92.03426678068024 0.21257292995376142 3464.1016151377544 1
108.72154233862273 0.6941721475172844 0.25856484213785286 0.040000000000000036 0.050776187269661904 91.01704226737185 0.2058297385795406 3464.1016151377544 1
108.98927490751892 0.6814971980040956 0.25943880845905776 0.06999999999999995 0.074018992064586 89.99394404035444 0.2119015611565369 3464.1016151377544 1
109.24808361065838 0.6756298600433781 0.25933104767531523 0.050000000000000044 0.06269478556473464 88.9566062532823 0.20785687029081504 3464.1016151377544 1
109.47988435246342 0.674228923017359 0.25964830564336533 0.06000000000000005 0.0676113169214736 87.92232109200194 0.211182984909708 3464.1016151377544 1
109.68510774573193 0.6445594566893955 0.2608213480919921 0.06000000000000005 0.12267356782683932 86.86944819963648 0.20728309397392652 3464.1016151377544 1
109.86405975859978 0.6339339974363231 0.2615627917903211 0.06999999999999995 0.0570587329559937 85.90541852292121 0.21107518947544412 3464.1016151377544 1
110.02222775306885 0.6400724152824782 0.26146924212953 0.08999999999999997 0.11268795439229326 84.95563332829663 0.211828503195527 3464.1016151377544 1
110.24266961480717 0.6532957186347056 0.26110116348429596 0.040000000000000036 0.09269391126955072 84.04759257857066 0.21519385006402958 3464.1016151377544 1
110.4285534415263 0.6680346531729151 0.2610075426178509 0.030000000000000027 0.07166500450889036 83.12484611062477 0.2096758062641256 3464.1016151377544 1
110.55376857794714 0.6859313417211577 0.26157359014765785 0.020000000000000018 0.11136775506413642 82.24365567798125 0.21007120680876107 3464.1016151377544 1
110.7116530244194 0.6505144750438252 0.2612555280637445 0.030000000000000027 0.1707941163040211 81.39789056989214 0.2052612756816964 3464.1016151377544 1
110.76003065335284 0.6603479649029194 0.2619491495265937 0.06999999999999995 0.09733299393510346 80.48295376140679 0.20999393799554758 3464.1016151377544 1
110.8436311594396 0.642883152083488 0.26165593860143493 0.06999999999999995 0.139610078508875 79.63435530155407 0.20725542819650147 3464.1016151377544 1
110.90327762089899 0.627829450937402 0.26226384094964666 0.06000000000000005 0.11422217466961217 78.77118963034218 0.20614579932436866 3464.1016151377544 1
110.95793300950672 0.6737745290555953 0.2629787317426541 0.050000000000000044 0.12686061964329123 77.90231122782207 0.20925507868841242 3464.1016151377544 1
111.03339585854269 0.5939183421193821 0.2629296778566743 0.06000000000000005 0.08900298352523874 77.0284092542599 0.2144443890145802 3464.1016151377544 1
111.10534403089845 0.6084797221927019 0.26271293298108056 0.06999999999999995 0.05928099083662061 76.12012262992488 0.20743037941639877 3464.1016151377544 1
111.12495862640257 0.6280710585203986 0.2627783594095137 0.050000000000000044 0.03567712575020856 75.23827460959237 0.21272742068916167 3464.1016151377544 1
111.23797772755928 0.6262288590304282 0.2626671424586307 0.040000000000000036 0.06360567981195302 74.36489411670777 0.20281138971846102 3464.1016151377544 1
111.32117859963833 0.6130656667727041 0.26157208574793744 0.06999999999999995 0.06222089005882599 73.44345513518982 0.20155849752202126 3464.1016151377544 1
111.3836767881349 0.6222479112211083 0.2600184956804782 0.06999999999999995 0.06078231656050999 72.55886285817338 0.1983168961055323 3464.1016151377544 1
111.38161220480752 0.6553319812875816 0.25904552917589724 0.07999999999999996 0.05340399069543667 71.63548114974586 0.2070115597599337 3464.1016151377544 1
111.53452890134035 0.6416865560459 0.2575451693851989 0.030000000000000027 0.05140784051154262 70.73223450658742 0.19689145704040936 3464.1016151377544 1
111.64375402133743 0.6739743069879884 0.256056784795113 0.020000000000000018 0.0792172095047836 69.87921480214818 0.2006078015435614 3464.1016151377544 1
111.711909737258 0.7368477448568491 0.2545942237736868 0.020000000000000018 0.08351412441592942 69.00297549370794 0.20230685783025532 3464.1016151377544 1
111.89266363522677 0.6873578502700005 0.25315359744061117 0.030000000000000027 0.08820856822403014 68.11605498554484 0.2003161776284311 3464.1016151377544 1
112.0951564187461 0.668159569862149 0.25182121447556644 0.010000000000000009 0.07957676254402671 67.25595788429685 0.20066513574030762 3464.1016151377544 1
112.26516591269859 0.6755879507314446 0.2505239126800094 0.040000000000000036 0.039104434359805366 66.34661724361807 0.20385503874547106 3464.1016151377544 1
112.438775926307 0.6890515240211841 0.249220016596503 0.040000000000000036 0.03258415025138143 65.43112868719938 0.19463900931260772 3464.1016151377544 1
112.56603883644263 0.6973884094834787 0.2479091360656578 0.050000000000000044 0.0348306009016207 64.53735228863198 0.19332701875446986 3464.1016151377544 1
112.691614480578 0.7059237838227712 0.24659099484424363 0.07999999999999996 0.02988364141335256 63.604017492386234 0.19832348824867654 3464.1016151377544 1
112.77385958270814 0.6911740641425542 0.24526540965672458 0.09999999999999998 0.024207963430309974 62.610918802962445 0.19427021158700158 3464.1016151377544 1
112.92734732473126 0.6935016826377263 0.24393227351632746 0.06999999999999995 0.02514144893777723 61.696457750932076 0.19878905623580037 3464.1016151377544 1
113.05056865919921 0.7560894371663127 0.24259154235612768 0.040000000000000036 0.027676649250365906 60.745908495447125 0.20137501990654447 3464.1016151377544 1
113.22951620572825 0.7510383234783218 0.24129988838788852 0.020000000000000018 0.029949212608268855 59.807860377932634 0.2011604161503015 3464.1016151377544 1
113.45309229307344 0.7020719128173188 0.2399416919331416 0.030000000000000027 0.07586984180690337 58.895516731225136 0.19138126572978573 3464.1016151377544 1
113.64488385053855 0.7037561475379447 0.23901657562751566 0.050000000000000044 0.10921570219790035 57.91369517799717 0.1977894210533475 3464.1016151377544 1
113.8177317601853 0.69352283666977 0.23708667588424706 0.08999999999999997 0.08795702934741732 56.95437996807823 0.19292569418478878 3464.1016151377544 1
113.98113974649317 0.7092044386108206 0.2163658955943583 0.07999999999999996 0.11871231093826977 55.92624447567114 0.20354976345350737 3464.1016151377544 1
114.17604014068685 0.7231381734931869 0.21240387706769845 0.06000000000000005 0.06711166259890186 55.445222107673644 0.19358493071920407 3464.1016151377544 1
114.39933650304127 0.7246987309257718 0.20350987908423665 0.050000000000000044 0.08359544069742227 55.755997976697046 0.19845972866491637 3464.1016151377544 1
114.56534293173225 0.7442831420223486 0.20329519715164077 0.06000000000000005 0.05419530973825949 56.609153290331385 0.20878173261343458 3464.1016151377544 1
114.76475518753644 0.6822809165287711 0.22690166233041947 0.07999999999999996 0.126846613741 57.46745403346126 0.19889176451883717 3464.1016151377544 1
114.95413956517926 0.730425717922376 0.21972815044448085 0.050000000000000044 0.11373638504485276 57.83161312191881 0.20151474393107777 3464.1016151377544 1
115.11024656222423 0.7457123785171642 0.22991390891139796 0.06999999999999995 0.1449777689878673 58.75255318347196 0.19806191906084747 3464.1016151377544 1
115.30067177763996 0.7441183978892703 0.21631050236164165 0.040000000000000036 0.11506488679614782 59.14937802938995 0.1987230062356284 3464.1016151377544 1
115.53858593527058 0.6986672827295987 0.21465484102291793 0.06000000000000005 0.18851716613221334 59.51833049348119 0.20044565420988197 3464.1016151377544 1
115.7785637779058 0.7113607640252394 0.23189711296173632 0.06999999999999995 0.1858108388195685 60.343362131247325 0.20048702784745592 3464.1016151377544 1
116.01856444613412 0.7641872797219763 0.2327644414633953 0.040000000000000036 0.1817891214453312 61.166879907136874 0.20546356608091063 3464.1016151377544 1
116.26767339942818 0.7532629435294989 0.23325094643845032 0.040000000000000036 0.18028166169291146 62.02447629767078 0.2041740481711344 3464.1016151377544 1
116.51462737396119 0.7616450837813861 0.21397631029022068 0.030000000000000027 0.16070401287149264 62.82426700607685 0.2081428266076643 3464.1016151377544 1
116.78287873627696 0.7300324286699837 0.21508729808470883 0.040000000000000036 0.1487748072305045 63.65416768859054 0.2039112581033648 3464.1016151377544 1
117.08538294523045 0.6877971107191834 0.23421416969267508 0.06000000000000005 0.1397694488271179 64.56774447833472 0.20109166884508392 3464.1016151377544 1
117.27314599855067 0.725118790127954 0.21584789555044728 0.08999999999999997 0.12462942330327718 64.97639465948296 0.20396891511371576 3464.1016151377544 1
117.52033883633715 0.7443279576268234 0.2184131915714754 0.06999999999999995 0.08944065266889444 65.48772400918968 0.2002122008342911 3464.1016151377544 1
117.83861890993295 0.6801457525571203 0.23694015620098552 0.06999999999999995 0.09636541423246107 66.46783022217848 0.20167694575810144 3464.1016151377544 1
118.094706503524 0.7260888095651714 0.23723118711638322 0.040000000000000036 0.13841974282588002 67.53013921856336 0.20144889819498155 3464.1016151377544 1
118.33047001774327 0.7387732314804397 0.22342339341376924 0.06000000000000005 0.13055530805978177 68.11003316555475 0.20740256972540153 3464.1016151377544 1
118.6950918626453 0.6898430777763067 0.2247014740091982 0.010000000000000009 0.10391209144626651 68.62846679118005 0.19972578035829697 3464.1016151377544 1
118.96559173854037 0.7014505148877767 0.2369055180601759 0.040000000000000036 0.14190965337349215 69.52913028560198 0.20003341157138463 3464.1016151377544 1
119.24517064650962 0.6865590526489096 0.2258120772471155 0.06000000000000005 0.12819578611517812 70.02550160337904 0.19793463521503066 3464.1016151377544 1
119.47426494665669 0.6859705760376298 0.23739575014409064 0.07999999999999996 0.1843619843169497 70.95015509595619 0.19437782136538317 3464.1016151377544 1
119.66818930566886 0.6945692451511053 0.2202489900736347 0.08999999999999997 0.21986000809322653 71.71611557421 0.1889747626962067 3464.1016151377544 1
119.85694291897977 0.6897508413800547 0.23880140587214507 0.09999999999999998 0.172807975480981 72.63100611093118 0.19553512288068012 3464.1016151377544 1
119.96170157591133 0.7204011944409544 0.2396407631543101 0.09999999999999998 0.15867596315293866 73.52926777030633 0.19081698829352675 3464.1016151377544 1
120.08883864479131 0.7129491219984893 0.2215986522133569 0.06999999999999995 0.20053815694626806 74.24095021014011 0.19835641102669435 3464.1016151377544 1
120.2385074295187 0.7409813414684444 0.23962055919357875 0.030000000000000027 0.13971579864266534 75.12232436156809 0.1960841456401329 3464.1016151377544 1
120.46331362133503 0.709291390945625 0.23940469324297609 0.040000000000000036 0.09236483904726801 76.06249170402707 0.1895848927559189 3464.1016151377544 1
120.63417423808288 0.6919729842664079 0.2399137256121103 0.06999999999999995 0.14650576130778864 76.97900859814747 0.18997571081835293 3464.1016151377544 1
120.83940679889972 0.6795883179794326 0.24042843447632137 0.07999999999999996 0.09560995563107443 77.92582756287113 0.1896906260592928 3464.1016151377544 1
121.03687785749754 0.6732140385362098 0.2228877833806875 0.07999999999999996 0.10002124097297896 78.67278368860018 0.18964314579395194 3464.1016151377544 1
121.24060591608587 0.6847573510750523 0.22275700420480768 0.07999999999999996 0.10314537821959505 79.48869208301232 0.1910423910533056 3464.1016151377544 1
121.40836132794396 0.7209623146692546 0.18257809218810556 0.06000000000000005 0.13961333311539306 79.6536040472525 0.19681816347221948 3464.1016151377544 1
121.5827906501483 0.7557211748520419 0.18097372374441123 0.040000000000000036 0.12794885242631748 79.90416716171582 0.18817466726363416 3464.1016151377544 1
121.81441711237676 0.6920490262211946 0.2199257983848329 0.040000000000000036 0.14522555675953072 80.74871899881065 0.19746796978358833 3464.1016151377544 1
122.09938154251165 0.7149622651151405 0.17975531039898682 0.020000000000000018 0.09954894522683709 81.00804392798106 0.18562121558741965 3464.1016151377544 1
122.3112029076561 0.7317737934148347 0.2198594531376166 0.040000000000000036 0.14649545961355992 81.95826011236974 0.20259452148457077 3464.1016151377544 1
122.5777705510085 0.7341798845051906 0.22095289387308317 0.030000000000000027 0.08561457701061545 82.88717257756727 0.18577450292841025 3464.1016151377544 1
122.82305705491225 0.6971657294138156 0.18557048575310472 0.06000000000000005 0.12945798597475544 83.18044616903371 0.19297392196979696 3464.1016151377544 1
123.04243589154812 0.7390854877869307 0.222461103994141 0.030000000000000027 0.09055922419658251 84.05351989700642 0.191614150839622 3464.1016151377544 1
123.23325678582529 0.7518311241550572 0.1898138733903543 0.040000000000000036 0.040578582733677315 84.36686180773876 0.19881855566591303 3464.1016151377544 1
123.45946257275706 0.7102399174115164 0.1918651474134428 0.040000000000000036 0.03648706895813403 84.69012857457095 0.19421429365138182 3464.1016151377544 1
123.64802531529642 0.699650831185731 0.19483613500741112 0.07999999999999996 0.06362381432316633 85.03239465856021 0.19990029618508232 3464.1016151377544 1
123.8497454027141 0.7271170421460124 0.22263004996134192 0.050000000000000044 0.10343002781213279 86.00784538166651 0.19815809057380565 3464.1016151377544 1
124.0726180869218 0.7038492608134025 0.22377733344427483 0.06000000000000005 0.08594131910988925 86.94595350484597 0.19480690203006812 3464.1016151377544 1
124.30299069067264 0.6969306625101231 0.20586089929143098 0.06000000000000005 0.09554282229652149 87.33583292460311 0.19772691155161992 3464.1016151377544 1
124.50648600228479 0.7026848625544492 0.2102000717130999 0.07999999999999996 0.08837467945063561 87.73402497895458 0.19850299371451557 3464.1016151377544 1
124.7085752709535 0.7122712323081382 0.22601517432726145 0.050000000000000044 0.06253960808894533 88.64968594207551 0.1945768709333334 3464.1016151377544 1
124.94628616595335 0.6952307011965483 0.22871485502984673 0.06000000000000005 0.06280773232078288 89.59746380938199 0.20188866336498573 3464.1016151377544 1
125.16985376481038 0.7054002505675231 0.22957176933456405 0.050000000000000044 0.02750062691657563 90.52536840289967 0.19548252119144666 3464.1016151377544 1
125.39758853464446 0.6812632614853115 0.2333918391452502 0.06999999999999995 0.0341864290435793 91.42856413948688 0.19926323600942744 3464.1016151377544 1
125.62124783523592 0.6647236894344847 0.2346392701101463 0.06999999999999995 0.026530580764767695 92.34188065958334 0.19631856013580767 3464.1016151377544 1
125.83394648715094 0.6807127386174551 0.23743034744420463 0.07999999999999996 0.032709886188737894 93.26532728377448 0.19861129248501488 3464.1016151377544 1
126.10118246345104 0.6548569392219289 0.23975309975112025 0.050000000000000044 0.025746666804747326 94.23649844995184 0.1863571948639972 3464.1016151377544 1
126.3306469403764 0.6507227283355767 0.24178188165529874 0.06999999999999995 0.06833230962081774 95.13412851656805 0.19430219218620187 3464.1016151377544 1
126.54152362555064 0.7051116670600968 0.2458656232996607 0.040000000000000036 0.05856885349859542 96.03898907669955 0.19341819449540704 3464.1016151377544 1
126.80489150321928 0.664505067106339 0.2467152122376957 0.050000000000000044 0.06830115358151204 96.96624266114021 0.18308368514666187 3464.1016151377544 1
127.04336995179858 0.7151889459357839 0.2349054099935965 0.020000000000000018 0.09827441256377305 97.29721010069416 0.1925976196040897 3464.1016151377544 1
127.29824202365648 0.6938542812499398 0.2506734410010095 0.030000000000000027 0.06132231704271743 98.1822924660883 0.1931407496525612 3464.1016151377544 1
127.54103450542141 0.6614947834116667 0.23752828564188141 0.07999999999999996 0.11313112265277278 98.44389273020596 0.19360871283411235 3464.1016151377544 1
127.7439125553461 0.7253697922635851 0.25355278666354236 0.030000000000000027 0.12378201560941877 99.26857730371586 0.19489197549090667 3464.1016151377544 1
127.93822913300482 0.705550586609942 0.2557301269222658 0.06000000000000005 0.07946290379905599 100.11766678492813 0.19014451988908984 3464.1016151377544 1
128.20578982984813 0.6902686081633443 0.265136121600358 0.050000000000000044 0.036976841752970245 101.03193837191569 0.19623384138567923 3464.1016151377544 1
128.41613147459077 0.7174589509509621 0.23495419918008267 0.06000000000000005 0.12564670355784763 101.37721366628098 0.18830942976313944 3464.1016151377544 1
128.67192596175946 0.7210484406864967 0.23927665969573508 0.040000000000000036 0.10802849657408484 101.7485129720771 0.1921971946825509 3464.1016151377544 1
128.97870593849495 0.7126660409818446 0.26862888268345275 0.030000000000000027 0.08890905057235128 102.64318162329374 0.18554070365548883 3464.1016151377544 1
129.2064436197714 0.73740053760993 0.2603376492851352 0.050000000000000044 0.03128114156204386 103.53692249076822 0.18791234605629106 3464.1016151377544 1
129.47884465473084 0.7181138729329085 0.2610059573212974 0.040000000000000036 0.08589716675618538 104.41199409962904 0.1825427021462564 3464.1016151377544 1
129.72901073837613 0.747479649743836 0.26983987363958833 0.030000000000000027 0.07872324699329915 105.28918583924955 0.189713940165659 3464.1016151377544 1
130.02865660325227 0.7255713572640822 0.26318528519925877 0.040000000000000036 0.0546305800279497 105.74008602285653 0.18491201059541565 3464.1016151377544 1
130.30499096639517 0.7365939101909729 0.27160640806875114 0.050000000000000044 0.10970563213078338 106.67854193755296 0.19173280898599548 3464.1016151377544 1
130.593987893182 0.6811497688744474 0.27229210561879297 0.06000000000000005 0.1912896259720659 107.59092005123482 0.18939385070830833 3464.1016151377544 1
130.93542113684785 0.6972969863207388 0.27019031056258075 0.030000000000000027 0.14240189040945422 108.0338334240234 0.18804161187625074 3464.1016151377544 1
131.2747607375986 0.6948037576728937 0.27105792796034134 0.040000000000000036 0.16970185834675514 108.52829279660605 0.18397840088458303 3464.1016151377544 1
131.5929405569787 0.7297922789131038 0.27190174804301304 0.020000000000000018 0.12011219762717504 109.04503193745748 0.1898598979454272 3464.1016151377544 1
131.88768514407187 0.7441072403557528 0.27253980576969195 0.020000000000000018 0.07607656935086062 109.49786469896429 0.18471651920441473 3464.1016151377544 1
132.23552668921192 0.6249035697660025 0.27275639098007354 0.08999999999999997 0.14462362296963602 110.01600021401093 0.19106273291504342 3464.1016151377544 1
132.54462066111446 0.6425023206954424 0.2727835660630055 0.09999999999999998 0.09417314228497732 110.54272026968394 0.18331393951861746 3464.1016151377544 1
132.78681072833737 0.6671862610571172 0.27252227366259774 0.10999999999999999 0.11026637582617868 111.08513784635161 0.1913600680692193 3464.1016151377544 1
133.11411641990782 0.699852823806235 0.2719403369276274 0.040000000000000036 0.049718160236563815 111.58637905028458 0.18158630576383267 3464.1016151377544 1
133.40040325899514 0.7053932628027098 0.27174770945297194 0.030000000000000027 0.048531300877525774 112.09806367990797 0.18968823145330266 3464.1016151377544 1
133.6658615836872 0.6855511286152045 0.2716865971751217 0.09999999999999998 0.05080338349433919 112.60784805565167 0.18439423635376925 3464.1016151377544 1
133.9208241357123 0.7035309691357696 0.2710021164939903 0.07999999999999996 0.054242456780819764 113.159743986972 0.18422912068726824 3464.1016151377544 1
134.22427197346528 0.6704827669542485 0.2699909822829434 0.06999999999999995 0.013295203996568696 113.67291677803101 0.19042833420662825 3464.1016151377544 1
134.49274038284565 0.7017368527382781 0.26826720871220844 0.06000000000000005 0.013161403254250642 114.20149049054514 0.18484443616512633 3464.1016151377544 1
134.7860221641165 0.676427751586741 0.26646216546984386 0.06999999999999995 0.05720515352329761 114.68035620944275 0.19002157001097084 3464.1016151377544 1
135.04747662399646 0.7001735042758422 0.26985785327740563 0.06999999999999995 0.09316834584432114 115.62763581363876 0.18781213415896383 3464.1016151377544 1
135.36395621175757 0.6663887389818357 0.27042182240995255 0.06999999999999995 0.019818683194931058 116.62928584448996 0.18700196257078996 3464.1016151377544 1
135.67155624327722 0.6678254456927882 0.263019167674357 0.07999999999999996 0.07812969115991915 117.12477552277716 0.18657852662011934 3464.1016151377544 1
136.02274052797506 0.6575536230296511 0.26977408418804444 0.07999999999999996 0.06076495795577034 118.07300891431343 0.1836159003053715 3464.1016151377544 1
136.29834917866478 0.7141324892358692 0.2732972511132962 0.040000000000000036 0.0425393643899304 118.91282181910074 0.18441655005092977 3464.1016151377544 1
136.5694018270762 0.6980108233034987 0.27251690658714967 0.06000000000000005 0.07291721693502663 119.83098972970183 0.17942348850439505 3464.1016151377544 1
136.90594937843267 0.6984128733922482 0.2732596384909164 0.040000000000000036 0.05402803222550822 120.77695730792594 0.17564499808174552 3464.1016151377544 1
137.2266139902764 0.6719066498495289 0.2766592703092208 0.08999999999999997 0.07755244143055337 121.62264123925543 0.1739984951581415 3464.1016151377544 1
137.56041702031297 0.6882668691435491 0.2733030321300166 0.040000000000000036 0.06939577520466965 122.54009206995346 0.17843960443281698 3464.1016151377544 1
137.8773269040545 0.7326721224985491 0.27416267696144053 0.030000000000000027 0.04564624291498025 123.45977563363466 0.18107190606510604 3464.1016151377544 1
138.2273657548274 0.7006954659779484 0.2654065638186347 0.040000000000000036 0.06316636603580165 124.01484812575103 0.18152224139510081 3464.1016151377544 1
138.54752827751076 0.6766351135935915 0.26557346277784566 0.06999999999999995 0.08202150713092789 124.53686190825846 0.18366168403350314 3464.1016151377544 1
138.8208043156626 0.7068360088161194 0.2785001930101851 0.050000000000000044 0.05785613861796397 125.4940816181297 0.18418530511735287 3464.1016151377544 1
139.0538105831299 0.6972922512393397 0.28050807632481783 0.07999999999999996 0.034289815839986436 126.44017699291082 0.19009979070972557 3464.1016151377544 1
139.30248773312206 0.6978603796647161 0.27808443827206364 0.09999999999999998 0.05319211437855779 127.27377020569394 0.1914279963296727 3464.1016151377544 1
139.5468056150077 0.7452224486863617 0.2708021608052322 0.040000000000000036 0.06182296135198664 127.47903055764405 0.19437222248640104 3464.1016151377544 1
139.7913918936435 0.6848800497772832 0.2714118982501778 0.08999999999999997 0.04793925950465694 127.72209502881557 0.19385798875062124 3464.1016151377544 1
139.97927174474964 0.6819440896620226 0.26894622737121315 0.10999999999999999 0.06944662176833688 127.25107345175819 0.1838449233644807 3464.1016151377544 1
140.10759931066235 0.6666959031185163 0.2724519335982159 0.09999999999999998 0.10694364306949176 127.59624993397739 0.18588821329351413 3464.1016151377544 1
140.23606134058338 0.7223365661469989 0.2761817995118356 0.06999999999999995 0.12362575297211321 128.54857519794854 0.18451811164145485 3464.1016151377544 1
140.38106529520638 0.6998650072762505 0.27588394962772095 0.07999999999999996 0.11059926635817921 129.66436572025424 0.1873696307363588 3464.1016151377544 1
140.48489783285706 0.7174703226665726 0.27438170699849873 0.07999999999999996 0.1353037552283549 130.31823002952302 0.18785474008882055 3464.1016151377544 1
140.5799672637942 0.7413175441224449 0.2779771910816951 0.06999999999999995 0.1625223066191786 131.00809527720887 0.17909336689732216 3464.1016151377544 1
140.69208606241116 0.7169522578802002 0.2749299790487142 0.06999999999999995 0.12712647429344537 132.11892068104672 0.18775766024614804 3464.1016151377544 1
140.82926734457996 0.6892900939186438 0.27853667372241764 0.06999999999999995 0.14748799437997123 132.79501741798572 0.18350661920712416 3464.1016151377544 1
140.93337206828576 0.7152956880934288 0.2765126752701755 0.07999999999999996 0.13962041726223157 133.4753135065798 0.18616838104391556 3464.1016151377544 1
141.04372044112375 0.7169908710175176 0.2747057324336432 0.050000000000000044 0.18239290280430573 133.4251838163124 0.18843050601914982 3464.1016151377544 1
141.16158311986968 0.7304930399652106 0.2654507917810118 0.040000000000000036 0.15588018158191383 134.1239300406586 0.19084001985914795 3464.1016151377544 1
141.26838459815966 0.7210025159126965 0.2738633250766695 0.030000000000000027 0.1366828695309621 135.22778861826748 0.19224362876037007 3464.1016151377544 1
141.38962970864813 0.7514839153523891 0.2747107916478233 0.040000000000000036 0.10147967446614312 136.15533217665674 0.18152820288573623 3464.1016151377544 1
141.45508206973497 0.7871493171504038 0.274769259187032 0.020000000000000018 0.12261837287301479 137.09474446984478 0.19067065907621591 3464.1016151377544 1
141.55741739447095 0.7206886856566024 0.27479644869679754 0.06999999999999995 0.09786516987148704 138.0327078360762 0.18620023366229604 3464.1016151377544 1
141.62040756184243 0.7254397787947365 0.27503858501863426 0.050000000000000044 0.0567630310202877 138.88026378428737 0.18823706265136972 3464.1016151377544 1
141.666550504444 0.7800231339771638 0.2737770902882419 0.010000000000000009 0.12461790450895205 139.14690030258305 0.18427770878171182 3464.1016151377544 1
141.73113864136278 0.7300100492426498 0.275456619446023 0.040000000000000036 0.09498451652034902 140.03940487019193 0.18122133522473594 3464.1016151377544 1
141.79912074839334 0.7003769000304599 0.27677026720283876 0.06999999999999995 0.055695917343889755 141.02919035893132 0.18021921497746962 3464.1016151377544 1
141.92772499642535 0.7120270301068489 0.2772925909948758 0.06999999999999995 0.09672631019188184 141.5418046240147 0.17371379932719147 3464.1016151377544 1
141.99184012428864 0.6861986600290542 0.2775695674726154 0.12 0.04513932604443276 141.33945323964988 0.18015780112996446 3464.1016151377544 1
142.0580682757453 0.6967090493254133 0.27404420965800624 0.07999999999999996 0.061658341467286826 141.14085818841383 0.1715928474998341 3464.1016151377544 1
142.1509282886199 0.7351313895247219 0.2680037935354544 0.06999999999999995 0.06607413256249314 141.67326953095844 0.1699053699151331 3464.1016151377544 1
142.23384512291764 0.7347557688525381 0.26581034353903266 0.050000000000000044 0.126658713983348 141.4195578794369 0.18009036425253108 3464.1016151377544 1
142.2946094751932 0.7660801925565519 0.260826197860788 0.030000000000000027 0.10599075147132143 141.9684692965535 0.17848548272555514 3464.1016151377544 1
142.36103545786327 0.7445822481424724 0.2599437904496368 0.06000000000000005 0.1321747487671322 142.47885824861305 0.17321031342960952 3464.1016151377544 1
142.4423170252807 0.7432676069351365 0.2549445385780769 0.06000000000000005 0.15609444803750758 142.30110884787888 0.17895478534372958 3464.1016151377544 1
142.52246448939047 0.7334043063126632 0.26246279429159863 0.06999999999999995 0.10823049456960378 142.83497474006447 0.17641805890143816 3464.1016151377544 1
142.61881338681903 0.74316093852124 0.25191900145990703 0.050000000000000044 0.07320091441316565 142.6211603420834 0.1847754970209269 3464.1016151377544 1
142.65806273717575 0.7514046633481486 0.25103755558141455 0.030000000000000027 0.06789127121202151 142.4265923208812 0.18322395218222326 3464.1016151377544 1
142.73664046020104 0.7679678727608678 0.26570793133775 0.010000000000000009 0.12298337413439162 142.9206207856813 0.18089328415100114 3464.1016151377544 1
142.90233391065976 0.7068423546844699 0.2656920905079187 0.020000000000000018 0.12912412929273911 143.39915223118717 0.1762854248248027 3464.1016151377544 1
143.0124478600573 0.6878807917860594 0.27508522941695246 0.040000000000000036 0.139628362781915 144.29541221488256 0.18239778325189904 3464.1016151377544 1
143.17200707100264 0.6770819548186062 0.2766010894560439 0.06999999999999995 0.10261988806704925 145.0096163502773 0.17525298968112424 3464.1016151377544 1
143.31028899648302 0.6311610140434771 0.2763208817981564 0.13 0.13250084616502508 145.9434655137249 0.17800416933594107 3464.1016151377544 1
143.4182189319184 0.6878672871237776 0.2679979643330786 0.06000000000000005 0.13330649270748843 146.48627176405492 0.1784242278566062 3464.1016151377544 1
143.56096429370564 0.6325721971563764 0.2759437298970272 0.07999999999999996 0.13265848922578272 147.36230403078667 0.17628862040956594 3464.1016151377544 1
143.72641154823654 0.6413068153698009 0.27583907631330357 0.06000000000000005 0.09504115425321039 148.06436698937713 0.17162405582405504 3464.1016151377544 1
143.89178171825247 0.6673652072442431 0.2759237953103893 0.06000000000000005 0.10324064877218157 148.7643879154311 0.17422058316509348 3464.1016151377544 1
144.0303376136821 0.6789215125788851 0.2760365422462405 0.06999999999999995 0.1265956627428077 149.49359245487045 0.1763122038434883 3464.1016151377544 1
144.1888680353246 0.7051603365148061 0.2757862284392698 0.040000000000000036 0.1063509253006132 150.39106215249402 0.17747693330963066 3464.1016151377544 1
144.3243408223839 0.7060292565025444 0.2708892319224389 0.06000000000000005 0.12291085469422172 150.92119401269466 0.17855995786954487 3464.1016151377544 1
144.5272187999459 0.6367275451196175 0.2548064076685244 0.07999999999999996 0.13809058433598828 150.73006254602114 0.17421165278522982 3464.1016151377544 1
144.68819934984447 0.6016765842814796 0.27285925931626165 0.13 0.22477531165617026 151.20850685971206 0.17619272585158702 3464.1016151377544 1
144.9178513786439 0.6140002342354 0.2765817628166637 0.09999999999999998 0.17863920131194486 152.07313865601137 0.17675498516688046 3464.1016151377544 1
145.07671992155372 0.6562878854782501 0.27468574139980734 0.09999999999999998 0.17614559913121441 152.59903578121563 0.17770371297529378 3464.1016151377544 1
145.3289298853848 0.645797672071376 0.25806822061689694 0.06999999999999995 0.14213788854468748 152.37255100599123 0.16747388226866824 3464.1016151377544 1
145.5291265001612 0.6392158486123464 0.2737900042693449 0.08999999999999997 0.10837958552130281 152.86689045048104 0.1787270516998284 3464.1016151377544 1
145.7788229886259 0.5984343650064607 0.27460703853811924 0.13 0.11572014338385778 153.36572144018243 0.1760484812396465 3464.1016151377544 1
145.93113134722833 0.6273207353919884 0.2785712496386693 0.12 0.11345115473203657 154.2793246626899 0.17845109937523645 3464.1016151377544 1
146.12258892527848 0.649995509923354 0.2771098251947078 0.08999999999999997 0.13988604769073382 154.94220151564755 0.17814052998919142 3464.1016151377544 1
146.28273190335747 0.6884762450456595 0.27757381183966223 0.050000000000000044 0.08599185771942454 155.63481741159268 0.1790824916891968 3464.1016151377544 1
146.44895106149897 0.6735052250721084 0.27835055368761696 0.06999999999999995 0.057393918658052365 156.37848965181604 0.18825994850245284 3464.1016151377544 1
146.59905363789605 0.6763865921905792 0.2788418521439925 0.040000000000000036 0.07885617455623187 157.10532695275842 0.18793774067763394 3464.1016151377544 1
146.69964205471456 0.7238178248614353 0.2764684923980758 0.050000000000000044 0.1116205145397367 157.16313734519542 0.18658386878014982 3464.1016151377544 1
146.83820179364122 0.6826789991773571 0.2781517233992706 0.050000000000000044 0.08060062640569124 157.24244097673224 0.1846062288954024 3464.1016151377544 1
146.9365283014602 0.6757501005661642 0.2794214444727664 0.06000000000000005 0.0902617081995178 157.23972806993442 0.18030596760722126 3464.1016151377544 1
147.071948180264 0.7006370570553544 0.28097294012746826 0.030000000000000027 0.1240974383119655 157.27103992565185 0.18238444333162895 3464.1016151377544 1
147.21014626940973 0.6670238192780923 0.2822775333411969 0.07999999999999996 0.07636912486682328 157.3238141480492 0.17937300156099786 3464.1016151377544 1
147.30727923237836 0.6876600187420588 0.2779255844304774 0.050000000000000044 0.07578222766995382 157.24586577792076 0.18061082705688317 3464.1016151377544 1
147.40315165896007 0.6822904802989084 0.2721135542942699 0.06999999999999995 0.082718984361272 156.21099633845137 0.18268360395562286 3464.1016151377544 1
147.56468439091466 0.6633689911440761 0.268372912847557 0.06000000000000005 0.08211385797064488 155.35829670882157 0.17920480594959104 3464.1016151377544 1
147.7772468651242 0.6409257393636238 0.26648099357579746 0.050000000000000044 0.16737929425043277 155.07064231437064 0.17946023727648663 3464.1016151377544 1
147.98728367747452 0.641588911699408 0.266606108324388 0.06999999999999995 0.13721933724129773 154.8372430874844 0.178110507524562 3464.1016151377544 1
148.19544330098248 0.6131780598687737 0.2667971151920139 0.08999999999999997 0.10649550993477717 154.63836527886255 0.1720320626040082 3464.1016151377544 1
148.3197522729186 0.6391580551956251 0.2685062966673056 0.07999999999999996 0.10115092414566816 154.4512444902976 0.18236112983415909 3464.1016151377544 1
148.50638888364853 0.5861935060703032 0.27798568688582004 0.10999999999999999 0.09553320614327915 155.0295531356113 0.1830118692265626 3464.1016151377544 1
148.6601203782923 0.6283771487673994 0.2788646821990579 0.09999999999999998 0.17134151774321774 155.5490101950467 0.18988524162572246 3464.1016151377544 1
148.80516707681397 0.6886465829013495 0.272604191082415 0.050000000000000044 0.15618453138098165 155.29725385062451 0.18143248410565047 3464.1016151377544 1
149.0074377021071 0.6312205531857736 0.27930667153935934 0.06000000000000005 0.15882907543814623 155.76946516462792 0.18157510155319623 3464.1016151377544 1
149.17605515740215 0.6806424245716164 0.27261309399126615 0.030000000000000027 0.16121539848035008 155.54874989282854 0.18159227569008962 3464.1016151377544 1
149.42013403547136 0.5823739932562928 0.2789498621695344 0.09999999999999998 0.14412661726488968 156.10522753173643 0.17957322706036796 3464.1016151377544 1
149.61507871118096 0.5811729456183632 0.2728414252807735 0.09999999999999998 0.15503615667835216 155.90763724260717 0.18623917099771037 3464.1016151377544 1
