0 1.0
1 0.96
2 0.97
3 0.95
4 0.92
5 0.94
6 0.96
7 0.96
8 0.97
9 1.0
10 0.95
11 0.94
12 0.97
13 0.98
14 0.98
15 0.97
16 0.97
17 0.96
18 0.94
19 0.97
20 0.98
21 0.96
22 0.95
23 0.94
24 0.9
25 0.97
26 0.99
27 0.98
28 0.96
29 0.96
30 0.96
31 0.97
32 0.97
33 0.92
34 0.94
35 0.96
36 0.94
37 0.95
38 0.92
39 0.95
40 0.98
41 0.97
42 0.98
43 0.98
44 0.98
45 0.98
46 0.99
47 0.96
48 0.97
49 0.96
50 0.98
51 0.99
52 1.0
53 0.98
54 0.97
55 0.99
56 0.97
57 0.97
58 0.99
59 0.95
60 0.92
61 0.94
62 0.96
63 0.97
64 0.98
65 0.93
66 0.97
67 0.97
68 0.98
69 0.98
70 1.0
71 0.98
72 0.97
73 0.99
74 0.94
75 0.96
76 0.96
77 0.98
78 0.97
79 0.97
80 0.97
81 0.98
82 0.96
83 0.93
84 0.95
85 0.99
86 0.94
87 0.92
88 0.92
89 0.96
90 0.94
91 0.95
92 0.94
93 0.92
94 0.94
95 0.96
96 0.98
97 0.93
98 0.95
99 0.94
100 0.93
101 0.96
102 0.97
103 0.98
104 0.96
105 0.99
106 0.97
107 1.0
108 0.97
109 0.99
110 0.98
111 0.98
112 0.98
113 0.96
114 0.96
115 0.97
116 0.96
117 0.97
118 0.96
119 0.96
120 0.98
121 0.97
122 0.96
123 0.97
124 0.99
125 0.97
126 0.96
127 0.98
128 0.94
129 0.98
130 0.95
131 0.95
132 0.98
133 0.99
134 0.93
135 0.93
136 0.97
137 0.96
138 0.95
139 0.95
140 0.93
141 0.94
142 0.93
143 0.95
144 0.96
145 0.97
146 0.97
147 1.0
148 0.99
149 0.98
150 0.97
151 0.97
152 0.98
153 0.99
154 0.98
155 0.98
156 0.99
157 0.99
158 0.98
159 0.98
160 0.97
161 0.97
162 0.99
163 0.97
164 0.97
165 0.97
166 0.97
167 0.99
168 0.96
169 0.98
170 0.94
171 0.97
172 0.96
173 0.97
174 1.0
175 0.97
176 0.96
177 1.0
178 0.96
179 0.99
180 0.99
181 0.99
182 0.93
183 0.94
184 0.94
185 0.95
186 0.99
187 0.98
188 0.95
189 0.98
190 0.99
191 0.99
192 0.95
193 0.94
194 0.99
195 0.98
196 0.99
197 0.99
198 1.0
199 0.99
200 0.99
201 1.0
202 1.0
203 0.98
204 0.99
205 0.98
206 0.98
207 0.98
208 0.98
209 0.99
210 0.99
211 1.0
212 1.0
213 0.97
214 0.98
215 0.99
216 0.98
217 0.98
218 0.99
219 1.0
220 0.97
221 0.97
222 0.99
223 0.98
224 0.97
225 0.99
226 1.0
227 1.0
228 0.98
229 1.0
230 0.98
231 0.98
232 0.97
233 0.93
234 0.95
235 0.98
236 0.94
237 0.96
238 0.99
239 0.99
240 0.94
241 0.96
242 0.97
243 0.99
244 1.0
245 0.99
246 0.97
247 0.99
248 0.97
249 0.97
250 1.0
251 0.97
252 0.97
253 0.96
254 0.98
255 0.98
256 0.96
257 0.97
258 0.99
259 0.96
260 0.97
261 0.98
262 0.96
263 0.96
264 0.97
265 0.97
266 0.96
267 0.96
268 0.98
269 0.99
270 0.98
271 0.97
272 1.0
273 0.97
274 0.99
275 0.99
276 0.98
277 0.98
278 0.98
279 0.99
280 1.0
281 0.95
282 0.97
283 0.98
284 0.97
285 1.0
286 0.96
287 0.96
288 0.97
289 0.98
290 0.95
291 0.96
292 1.0
293 0.99
294 0.99
295 0.98
296 0.99
297 0.97
298 1.0
299 0.97
300 0.97
301 0.97
302 1.0
303 0.97
304 0.99
305 0.96
306 0.98
307 0.99
308 1.0
309 1.0
310 0.98
311 0.97
312 0.98
313 0.99
314 0.97
315 0.98
316 0.98
317 0.93
318 0.93
319 0.96
320 0.97
321 0.99
322 0.98
323 0.99
324 0.98
325 0.97
326 0.99
327 0.98
328 1.0
329 0.98
330 0.94
331 0.98
332 0.98
333 0.95
334 0.97
335 0.96
336 0.96
337 0.97
338 0.96
339 0.98
340 0.95
341 0.98
342 1.0
343 1.0
344 1.0
345 0.99
346 0.98
347 0.99
348 0.99
349 1.0
350 1.0
351 1.0
352 0.98
353 0.99
354 1.0
355 1.0
356 0.99
357 1.0
358 0.98
359 0.96
360 0.96
361 0.96
362 0.95
363 0.95
364 0.93
365 0.94
366 0.95
367 0.98
368 0.98
369 0.93
370 0.97
371 0.95
372 0.97
373 0.96
374 0.93
375 0.98
376 0.97
377 0.98
378 0.96
379 0.95
380 0.94
381 0.97
382 0.94
383 0.96
384 0.97
385 0.97
386 0.96
387 0.98
388 0.98
389 0.99
390 0.99
391 0.97
392 0.97
393 1.0
394 0.97
395 1.0
396 0.99
397 0.97
398 0.99
399 1.0
400 0.99
401 0.99
402 0.96
403 0.94
404 0.96
405 0.95
406 0.97
407 0.99
408 0.96
409 0.95
410 0.95
411 0.98
412 0.96
413 0.96
414 0.98
415 0.99
416 0.96
417 0.94
418 0.96
419 0.99
420 0.98
421 0.95
422 0.96
423 0.97
424 0.98
425 0.97
426 0.98
427 0.97
428 0.98
429 0.97
430 0.97
431 1.0
432 0.96
433 0.96
434 0.99
435 0.96
436 0.98
437 0.97
438 0.96
439 0.93
440 0.99
441 0.99
442 0.96
443 1.0
444 0.99
445 0.99
446 1.0
447 0.96
448 0.96
449 0.97
450 0.96
451 0.97
452 0.97
453 0.99
454 0.96
455 0.97
456 0.98
457 0.98
458 0.99
459 0.95
460 0.96
461 0.95
462 0.97
463 0.98
464 0.91
465 0.94
466 0.95
467 0.95
468 0.96
469 0.98
470 0.97
471 0.96
472 0.94
473 0.97
474 0.96
475 0.98
476 0.97
477 0.95
478 0.92
479 0.93
480 0.94
481 0.94
482 0.93
483 0.93
484 0.97
485 0.97
486 0.98
487 0.96
488 0.95
489 0.94
490 0.96
491 0.92
492 0.95
493 0.94
494 0.95
495 0.92
496 0.94
497 0.95
498 0.94
499 0.92
500 0.97
501 0.96
502 0.93
503 0.95
504 0.95
505 0.94
506 0.96
507 0.95
508 0.95
509 0.97
510 0.98
511 0.96
512 0.95
513 0.97
514 0.97
515 0.97
516 1.0
517 0.98
518 0.94
519 0.98
520 0.98
521 0.97
522 0.99
523 0.97
524 0.96
525 0.96
526 0.98
527 0.95
528 0.92
529 0.99
530 0.94
531 0.97
532 0.95
533 0.94
534 0.97
535 0.97
536 0.95
537 0.97
538 0.98
539 0.97
540 0.98
541 0.96
542 0.96
543 0.98
544 0.95
545 0.98
546 0.96
547 0.97
548 0.98
549 0.96
550 0.99
551 0.95
552 0.97
553 0.97
554 0.97
555 0.99
556 0.96
557 0.96
558 0.97
559 0.97
560 0.97
561 0.96
562 0.97
563 0.93
564 0.95
565 0.98
566 0.95
567 0.94
568 0.96
569 0.99
570 0.96
571 0.97
572 0.97
573 0.98
574 0.97
575 0.96
576 0.96
577 0.95
578 0.94
579 0.97
580 0.96
581 0.97
582 0.96
583 0.95
584 0.93
585 0.96
586 0.95
587 0.93
588 0.96
589 0.98
590 0.97
591 0.96
592 0.98
593 0.99
594 0.97
595 0.96
596 0.98
597 0.97
598 1.0
599 1.0
600 0.98
601 0.97
602 0.98
603 0.98
604 0.96
605 0.97
606 0.98
607 0.99
608 0.96
609 0.96
610 0.95
611 0.95
612 0.93
613 0.96
614 0.96
615 0.93
616 0.94
617 0.94
618 0.94
619 0.98
620 0.95
621 0.99
622 0.95
623 0.96
624 0.95
625 0.95
626 1.0
627 0.98
628 0.96
629 0.95
630 0.93
631 0.95
632 0.96
633 0.95
634 0.96
635 0.99
636 0.97
637 0.97
638 0.98
639 0.98
640 0.97
641 0.99
642 0.99
643 0.97
644 0.97
645 0.97
646 0.96
647 0.97
648 0.98
649 0.96
650 0.98
651 0.97
652 0.96
653 0.95
654 0.98
655 0.96
656 0.97
657 0.94
658 0.92
659 0.93
660 0.95
661 0.94
662 0.93
663 0.92
664 0.96
665 0.95
666 0.95
667 0.97
668 0.96
669 0.96
670 0.95
671 0.94
672 0.94
673 0.93
674 0.94
675 0.92
676 0.92
677 0.93
678 0.94
679 0.96
680 0.96
681 0.94
682 0.96
683 0.95
684 0.95
685 0.97
686 0.94
687 0.96
688 0.97
689 0.97
690 0.96
691 0.96
692 0.99
693 0.98
694 0.96
695 0.97
696 0.95
697 0.95
698 0.96
699 0.93
700 0.95
701 0.96
702 0.97
703 0.99
704 0.97
705 0.97
706 0.99
707 0.98
708 0.95
709 0.96
710 0.91
711 0.95
712 0.97
713 0.99
714 0.99
715 0.98
716 0.95
717 0.94
718 0.97
719 0.93
720 0.95
721 0.95
722 0.96
723 0.96
724 1.0
725 0.99
726 0.97
727 0.97
728 0.98
729 1.0
730 0.97
731 0.95
732 0.98
733 0.98
734 0.98
735 0.98
736 0.98
737 0.96
738 0.96
739 0.96
740 0.95
741 0.95
742 0.92
743 0.93
744 0.94
745 0.97
746 0.99
747 0.99
748 0.96
749 0.99
750 0.98
751 0.96
752 0.97
753 0.98
754 0.97
755 0.95
756 0.97
757 0.95
758 0.97
759 0.94
760 0.95
761 0.99
762 0.95
763 0.96
764 0.94
765 0.98
766 0.97
767 0.97
768 0.93
769 0.94
770 0.94
771 0.94
772 0.94
773 0.95
774 0.92
775 0.91
776 0.93
777 0.92
778 0.94
779 0.96
780 0.94
781 0.96
782 0.95
783 0.93
784 0.91
785 0.93
786 0.94
787 0.95
788 0.93
789 0.96
790 0.95
791 0.97
792 0.97
793 0.97
794 0.96
795 0.94
796 0.95
797 0.96
798 0.94
799 0.95
800 0.96
801 0.97
802 0.99
803 0.96
804 0.98
805 0.96
806 0.95
807 0.94
808 0.91
809 0.97
810 0.96
811 0.95
812 0.96
813 0.98
814 0.97
815 0.95
816 0.96
817 0.95
818 0.97
819 0.98
820 0.96
821 0.96
822 0.96
823 0.92
824 0.95
825 0.97
826 0.97
827 0.95
828 0.94
829 0.94
830 0.97
831 0.97
832 0.95
833 0.94
834 0.96
835 0.95
836 0.94
837 0.94
838 0.96
839 0.94
840 0.96
841 0.94
842 0.96
843 0.96
844 0.97
845 0.94
846 0.95
847 0.93
848 0.94
849 0.97
850 0.97
851 0.97
852 0.99
853 0.99
854 0.99
855 0.99
856 0.97
857 0.96
858 0.97
859 0.95
860 0.97
861 0.99
862 0.99
863 0.96
864 0.95
865 0.97
866 0.97
867 0.97
868 0.98
869 0.94
870 0.95
871 0.96
872 0.94
873 0.97
874 0.97
875 0.97
876 0.98
877 0.97
878 0.97
879 0.98
880 1.0
881 0.97
882 0.96
883 0.96
884 0.99
885 0.95
886 0.97
887 0.98
888 0.99
889 0.96
890 0.97
891 0.97
892 0.99
893 0.96
894 0.98
895 0.99
896 0.99
897 0.99
898 0.96
899 0.97
900 0.96
901 0.96
902 0.97
903 0.96
904 0.95
905 0.99
906 0.98
907 0.98
908 0.97
909 0.99
910 0.98
911 0.98
912 0.99
913 1.0
914 0.97
915 0.99
916 0.99
917 0.98
918 0.99
919 0.98
920 0.98
921 0.98
922 0.98
923 0.99
924 0.99
925 0.99
926 0.98
927 0.97
928 0.99
929 0.97
930 0.97
931 0.98
932 0.91
933 0.94
934 0.97
935 0.96
936 0.96
937 0.96
938 0.97
939 0.98
940 0.97
941 0.98
942 0.98
943 0.96
944 0.97
945 0.98
946 0.96
947 0.97
948 1.0
949 1.0
950 0.99
951 0.98
952 0.99
953 0.98
954 0.98
955 0.99
956 0.99
957 0.98
958 0.98
959 0.98
960 0.99
961 0.95
962 0.96
963 0.96
964 0.98
965 0.99
966 0.96
967 0.97
968 0.96
969 0.96
970 0.96
971 0.96
972 0.97
973 0.95
974 0.94
975 0.95
976 0.92
977 0.92
978 0.97
979 0.96
980 0.96
981 0.95
982 0.95
983 0.96
984 0.95
985 0.98
986 0.96
987 0.94
988 0.98
989 0.97
990 0.96
991 0.95
992 0.96
993 0.97
994 0.96
995 0.97
996 0.97
997 0.97
998 0.96
999 0.99
1000 0.96
1001 0.96
1002 0.97
1003 0.99
1004 0.96
1005 0.97
1006 0.95
1007 0.96
1008 0.96
1009 0.96
1010 0.96
1011 0.93
1012 0.96
1013 0.98
1014 0.96
1015 0.94
1016 0.95
1017 0.97
1018 0.96
1019 0.95
1020 0.98
1021 0.96
1022 0.97
1023 0.98
1024 0.93
1025 0.99
1026 0.95
1027 0.96
1028 0.94
1029 0.98
1030 0.96
1031 0.96
1032 0.96
1033 0.96
1034 0.95
1035 0.93
1036 0.97
1037 0.97
1038 0.98
1039 0.95
1040 0.99
1041 0.96
1042 0.95
1043 0.94
1044 0.94
1045 0.96
1046 0.94
1047 0.94
1048 0.96
1049 0.95
1050 0.99
1051 0.97
1052 0.98
1053 0.99
1054 0.97
1055 0.97
1056 0.99
1057 0.99
1058 0.99
1059 0.98
1060 0.98
1061 0.99
1062 0.95
1063 0.96
1064 0.92
1065 0.93
1066 0.99
1067 0.98
1068 0.97
1069 0.97
1070 0.98
1071 0.97
1072 0.94
1073 0.95
1074 0.94
1075 0.94
1076 0.94
1077 0.94
1078 0.94
1079 0.92
1080 0.95
1081 0.97
1082 0.95
1083 0.94
1084 0.94
1085 0.95
1086 0.93
1087 0.99
1088 0.97
1089 0.96
1090 0.96
1091 0.94
1092 1.0
1093 0.98
1094 0.95
1095 0.96
1096 0.97
1097 0.98
1098 0.97
1099 0.95
1100 0.96
1101 0.94
1102 0.93
1103 0.96
1104 0.96
1105 0.98
1106 0.96
1107 0.97
1108 0.94
1109 0.98
1110 0.96
1111 0.97
1112 0.99
1113 0.97
1114 0.99
1115 0.98
1116 1.0
1117 1.0
1118 0.99
1119 0.97
1120 0.98
1121 0.98
1122 0.99
1123 0.97
1124 0.94
1125 0.94
1126 0.98
1127 0.95
1128 0.98
1129 0.97
1130 0.96
1131 0.94
1132 0.98
1133 0.97
1134 0.97
1135 0.97
1136 0.94
1137 0.93
1138 0.95
1139 0.93
1140 0.97
1141 0.97
1142 0.97
1143 0.96
1144 0.98
1145 0.98
1146 0.95
1147 0.97
1148 0.99
1149 0.99
1150 0.97
1151 0.95
1152 0.98
1153 0.96
1154 0.97
1155 0.95
1156 0.96
1157 0.97
1158 0.96
1159 0.96
1160 0.97
1161 0.96
1162 0.99
1163 0.97
1164 0.97
1165 0.98
1166 0.94
1167 0.98
1168 0.98
1169 0.97
1170 0.98
1171 0.98
1172 0.97
1173 0.97
1174 0.96
1175 0.98
1176 0.95
1177 0.97
1178 0.94
1179 0.98
1180 0.95
1181 0.98
1182 0.93
1183 0.93
1184 0.95
1185 0.98
1186 0.99
1187 0.98
1188 0.96
1189 0.96
1190 0.98
1191 0.97
1192 0.95
1193 0.96
1194 0.95
1195 0.98
1196 0.94
1197 0.96
1198 0.97
1199 0.96
1200 0.99
1201 0.96
1202 0.96
1203 0.94
1204 0.94
1205 0.96
1206 0.96
1207 0.97
1208 0.97
1209 0.96
1210 0.98
1211 0.95
1212 0.98
1213 0.96
1214 0.93
1215 0.97
1216 0.98
1217 0.97
1218 0.95
1219 0.98
1220 0.97
1221 0.97
1222 0.98
1223 0.95
1224 0.95
1225 0.93
1226 0.97
1227 1.0
1228 0.97
1229 0.97
1230 0.97
1231 0.95
1232 0.97
1233 0.96
1234 0.96
1235 0.96
1236 0.94
1237 0.97
1238 0.96
1239 0.95
1240 0.94
1241 0.94
1242 0.97
1243 0.95
1244 0.97
1245 0.98
1246 0.99
1247 0.95
1248 0.97
1249 0.95
1250 0.97
1251 0.95
1252 0.96
1253 0.96
1254 0.96
1255 0.98
1256 0.97
1257 0.97
1258 0.99
1259 0.98
1260 0.95
1261 0.97
1262 0.94
1263 0.97
1264 0.96
1265 0.98
1266 0.96
1267 0.94
1268 0.94
1269 0.94
1270 0.96
1271 0.97
1272 0.95
1273 0.96
1274 0.96
1275 0.95
1276 0.94
1277 0.92
1278 0.95
1279 0.94
1280 0.94
1281 0.91
1282 0.94
1283 0.94
1284 0.94
1285 0.92
1286 0.96
1287 0.94
1288 0.97
1289 0.93
1290 0.97
1291 0.9
1292 0.92
1293 0.93
1294 0.93
1295 0.92
1296 0.95
1297 0.97
1298 0.97
1299 0.95
1300 0.98
1301 0.95
1302 0.95
1303 0.92
1304 0.92
1305 0.93
1306 0.96
1307 0.96
1308 0.96
1309 0.96
1310 0.98
1311 0.98
1312 0.97
1313 0.96
1314 0.96
1315 0.95
1316 0.96
1317 0.98
1318 0.96
1319 0.97
1320 0.95
1321 0.95
1322 0.99
1323 0.97
1324 0.97
1325 0.91
1326 0.95
1327 0.96
1328 0.94
1329 0.94
1330 0.93
1331 0.97
1332 0.94
1333 0.95
1334 0.97
1335 0.95
1336 0.97
1337 0.96
1338 0.95
1339 0.94
1340 0.97
1341 0.94
1342 0.93
1343 0.96
1344 0.97
1345 0.99
1346 0.98
1347 0.98
1348 0.97
1349 0.98
1350 0.96
1351 0.96
1352 0.96
1353 0.99
1354 0.97
1355 0.98
1356 0.96
1357 0.99
1358 0.98
1359 0.95
1360 0.95
1361 0.96
1362 0.99
1363 0.97
1364 0.98
1365 0.98
1366 1.0
1367 0.97
1368 0.97
1369 0.96
1370 0.94
1371 0.97
1372 0.97
1373 0.95
1374 0.95
1375 0.94
1376 0.95
1377 0.94
1378 0.93
1379 0.93
1380 0.94
1381 0.92
1382 0.94
1383 0.95
1384 0.94
1385 0.91
1386 0.96
1387 0.96
1388 0.98
1389 0.89
1390 0.98
1391 0.93
1392 0.96
1393 0.96
1394 0.93
1395 0.96
1396 0.94
1397 0.93
1398 0.95
1399 0.95
1400 0.96
1401 0.96
1402 0.98
1403 0.99
1404 0.96
1405 0.95
1406 0.96
1407 0.96
1408 0.96
1409 0.98
1410 0.95
1411 0.98
1412 0.93
1413 0.95
1414 0.94
1415 0.94
1416 0.91
1417 0.93
1418 0.92
1419 0.9
1420 0.96
1421 0.95
1422 0.95
1423 0.96
1424 0.95
1425 0.94
1426 0.94
1427 0.95
1428 0.95
1429 0.96
1430 0.99
1431 0.97
1432 0.95
1433 0.94
1434 0.97
1435 0.92
1436 0.97
1437 0.96
1438 0.95
1439 0.95
1440 0.98
1441 0.96
1442 0.97
1443 0.97
1444 0.98
1445 0.97
1446 0.97
1447 0.98
1448 0.96
1449 1.0
1450 1.0
1451 0.97
1452 0.99
1453 0.98
1454 0.96
1455 0.99
1456 0.97
1457 0.98
1458 0.98
1459 0.94
1460 0.95
1461 0.95
1462 0.95
1463 0.95
1464 0.94
1465 0.93
1466 0.96
1467 0.98
1468 0.97
1469 0.95
1470 0.98
1471 0.99
1472 0.95
1473 0.96
1474 0.97
1475 0.95
1476 0.95
1477 0.97
1478 0.97
1479 0.98
1480 0.96
1481 0.95
1482 0.98
1483 0.99
1484 0.97
1485 0.96
1486 0.94
1487 0.97
1488 0.98
1489 0.98
1490 0.98
1491 0.98
1492 1.0
1493 0.97
1494 0.98
1495 0.94
1496 0.94
1497 0.92
1498 0.96
1499 0.97
1500 0.96
1501 0.98
1502 0.98
1503 0.97
1504 0.99
1505 0.95
1506 0.98
1507 0.97
1508 0.97
1509 0.98
1510 0.98
1511 0.98
1512 0.99
1513 0.98
1514 0.97
1515 0.96
1516 0.97
1517 0.98
1518 0.98
1519 0.97
1520 0.98
1521 0.97
1522 0.97
1523 0.98
1524 0.98
1525 0.94
1526 0.98
1527 0.97
1528 0.95
1529 0.96
1530 0.98
1531 0.98
1532 0.97
1533 0.98
1534 0.98
1535 0.96
1536 0.94
1537 0.95
1538 1.0
1539 0.96
1540 0.97
1541 0.96
1542 0.97
1543 0.97
1544 0.97
1545 0.95
1546 0.95
1547 0.96
1548 0.93
1549 0.96
1550 0.95
1551 0.93
1552 0.97
1553 0.86
1554 0.91
1555 0.9
1556 0.92
1557 0.96
1558 0.94
1559 0.95
1560 0.97
1561 0.96
1562 0.95
1563 0.97
1564 0.96
1565 0.96
1566 0.95
1567 0.94
1568 0.96
1569 0.96
1570 0.96
1571 0.98
1572 0.95
1573 0.97
1574 0.96
1575 0.96
1576 0.93
1577 0.93
1578 0.94
1579 0.96
1580 0.93
1581 0.93
1582 0.97
1583 0.95
1584 0.96
1585 0.95
1586 0.95
1587 0.95
1588 0.98
1589 0.97
1590 0.95
1591 0.95
1592 0.92
1593 0.94
1594 0.96
1595 0.97
1596 0.96
1597 0.98
1598 0.95
1599 0.95
1600 0.94
1601 0.94
1602 0.96
1603 0.96
1604 0.98
1605 0.98
1606 0.98
1607 0.96
1608 0.97
1609 0.98
1610 0.97
1611 0.98
1612 0.99
1613 0.97
1614 0.97
1615 0.95
1616 0.98
1617 0.98
1618 0.97
1619 0.97
1620 0.97
1621 0.98
1622 0.96
1623 0.96
1624 0.95
1625 0.95
1626 0.95
1627 0.98
1628 0.96
1629 0.99
1630 0.94
1631 0.98
1632 0.97
1633 0.94
1634 0.99
1635 0.97
1636 0.97
1637 0.96
1638 0.96
1639 0.99
1640 0.97
1641 0.96
1642 0.95
1643 0.94
1644 0.97
1645 0.95
1646 0.97
1647 0.98
1648 0.99
1649 0.98
1650 0.96
1651 0.97
1652 0.96
1653 0.97
1654 0.96
1655 0.93
1656 0.97
1657 0.97
1658 0.98
1659 0.97
1660 0.95
1661 0.97
1662 0.97
1663 0.95
1664 0.94
1665 0.95
1666 0.95
1667 0.98
1668 0.95
1669 0.97
1670 0.97
1671 0.98
1672 0.98
1673 0.94
1674 0.96
1675 0.93
1676 0.96
1677 0.95
1678 0.92
1679 0.95
1680 0.92
1681 0.95
1682 0.96
1683 0.96
1684 0.96
1685 0.96
1686 0.94
1687 0.97
1688 0.94
1689 0.95
1690 0.97
1691 0.92
1692 0.97
1693 0.91
1694 0.96
1695 0.98
1696 0.93
1697 0.95
1698 0.94
1699 0.96
1700 0.95
1701 0.93
1702 0.95
1703 0.98
1704 0.94
1705 0.95
1706 0.97
1707 0.99
1708 0.96
1709 1.0
1710 0.99
1711 0.96
1712 0.95
1713 0.92
1714 0.96
1715 0.96
1716 0.94
1717 0.97
1718 0.92
1719 0.93
1720 0.94
1721 0.93
1722 0.97
1723 0.96
1724 0.95
1725 0.95
1726 0.97
1727 0.97
1728 0.96
1729 0.96
1730 0.96
1731 0.95
1732 0.96
1733 0.95
1734 0.96
1735 0.95
1736 0.95
1737 0.96
1738 0.98
1739 0.98
1740 0.96
1741 0.98
1742 0.97
1743 0.98
1744 0.98
1745 0.99
1746 0.97
1747 0.98
1748 0.99
1749 0.99
1750 1.0
1751 0.99
1752 0.99
1753 0.98
1754 0.98
1755 0.98
1756 0.98
1757 0.97
1758 0.97
1759 0.98
1760 0.97
1761 0.96
1762 0.99
1763 0.96
1764 0.97
1765 0.97
1766 0.95
1767 0.96
1768 0.93
1769 0.95
1770 0.96
1771 0.94
1772 0.97
1773 0.97
1774 0.94
1775 0.99
1776 0.94
1777 0.97
1778 0.93
1779 0.95
1780 0.95
1781 0.97
1782 0.96
1783 0.95
1784 0.94
1785 0.95
1786 0.98
1787 0.98
1788 0.94
1789 0.94
1790 0.96
1791 0.96
1792 0.98
1793 1.0
1794 0.98
1795 0.98
1796 0.96
1797 0.95
1798 0.94
1799 0.98
1800 0.97
1801 0.95
1802 0.99
1803 0.94
1804 0.96
1805 0.97
1806 0.95
1807 0.93
1808 0.96
1809 0.96
1810 0.98
1811 0.97
1812 0.95
1813 0.96
1814 0.94
1815 0.97
1816 0.96
1817 0.97
1818 0.96
1819 0.93
1820 0.94
1821 0.95
1822 0.97
1823 0.94
1824 0.94
1825 0.95
1826 0.97
1827 0.96
1828 0.95
1829 0.99
1830 0.96
1831 0.95
1832 0.96
1833 0.95
1834 0.96
1835 0.97
1836 0.97
1837 0.94
1838 0.96
1839 0.95
1840 0.96
1841 0.98
1842 0.96
1843 0.98
1844 0.97
1845 0.98
1846 0.98
1847 0.97
1848 0.97
1849 0.97
1850 0.97
1851 0.99
1852 0.95
1853 0.98
1854 0.94
1855 0.96
1856 0.97
1857 0.97
1858 0.96
1859 0.98
1860 0.98
1861 0.93
1862 0.95
1863 0.96
1864 0.95
1865 0.95
1866 0.93
1867 0.96
1868 0.92
1869 0.94
1870 0.94
1871 0.95
1872 0.97
1873 0.94
1874 0.97
1875 0.93
1876 0.96
1877 0.93
1878 0.94
1879 0.94
1880 0.96
1881 0.97
1882 0.97
1883 0.95
1884 0.98
1885 0.97
1886 0.96
1887 0.94
1888 0.93
1889 0.95
1890 0.93
1891 0.94
1892 0.94
1893 0.95
1894 0.95
1895 0.94
1896 0.96
1897 0.97
1898 0.99
1899 0.98
1900 0.98
1901 0.96
1902 0.98
1903 0.97
1904 0.98
1905 0.97
1906 0.98
1907 0.97
1908 0.95
1909 0.94
1910 0.96
1911 0.96
1912 0.98
1913 0.96
1914 0.97
1915 0.95
1916 0.96
1917 0.96
1918 0.95
1919 0.97
1920 0.97
1921 0.98
1922 0.97
1923 0.92
1924 0.94
1925 0.93
1926 0.96
1927 0.95
1928 0.98
1929 0.97
1930 0.96
1931 0.96
1932 0.93
1933 0.97
1934 0.96
1935 0.98
1936 0.98
1937 0.97
1938 0.96
1939 0.95
1940 0.96
1941 0.95
1942 0.95
1943 0.97
1944 0.99
1945 0.99
1946 0.97
1947 0.98
1948 0.97
1949 0.95
1950 0.92
1951 0.94
1952 0.99
1953 0.99
1954 0.97
1955 0.98
1956 0.96
1957 0.94
1958 0.95
1959 0.96
1960 0.96
1961 0.96
1962 0.93
1963 0.92
1964 0.95
1965 0.94
1966 0.96
1967 0.94
1968 0.91
1969 0.95
1970 0.91
1971 0.93
1972 0.91
1973 0.94
1974 0.95
1975 0.94
1976 0.96
1977 0.93
1978 0.94
1979 0.92
1980 0.94
1981 0.94
1982 0.9
1983 0.9
1984 0.94
1985 0.93
1986 0.93
1987 0.93
1988 0.92
1989 0.92
1990 0.96
1991 0.96
1992 0.97
1993 0.98
1994 0.97
1995 0.92
1996 0.98
1997 0.97
1998 0.96
1999 0.98
2000 0.97
2001 0.94
2002 0.92
2003 0.95
2004 0.96
2005 0.98
2006 0.97
2007 0.96
2008 0.97
2009 0.96
2010 0.96
2011 0.95
2012 0.97
2013 0.96
2014 0.96
2015 0.96
2016 0.98
2017 0.95
2018 0.98
2019 0.96
2020 0.97
2021 0.96
2022 0.97
2023 0.94
2024 0.97
2025 0.97
2026 0.98
2027 0.98
2028 0.97
2029 0.98
2030 0.95
2031 0.97
2032 0.97
2033 0.98
2034 0.97
2035 1.0
2036 0.96
2037 0.96
2038 0.97
2039 0.97
2040 0.95
2041 0.98
2042 0.99
2043 0.99
2044 0.95
2045 0.96
2046 0.96
2047 0.97
2048 0.98
2049 0.97
2050 0.97
2051 0.95
2052 0.99
2053 0.98
2054 0.99
2055 0.98
2056 0.96
2057 0.96
2058 0.95
2059 0.97
2060 0.96
2061 0.94
2062 0.97
2063 0.97
2064 0.95
2065 0.95
2066 0.93
2067 0.96
2068 0.98
2069 0.97
2070 0.97
2071 0.94
2072 0.97
2073 0.97
2074 0.98
2075 0.98
2076 0.95
2077 0.98
2078 0.97
2079 0.99
2080 0.98
2081 0.98
2082 0.96
2083 0.97
2084 0.99
2085 0.98
2086 0.98
2087 0.96
2088 0.94
2089 0.96
2090 0.96
2091 0.94
2092 0.96
2093 0.97
2094 0.98
2095 0.97
2096 0.96
2097 0.95
2098 0.95
2099 0.93
2100 0.94
2101 0.94
2102 0.93
2103 0.94
2104 0.94
2105 0.96
2106 0.93
2107 0.94
2108 0.95
2109 0.95
2110 0.94
2111 0.93
2112 0.93
2113 0.95
2114 0.97
2115 0.95
2116 0.96
2117 0.98
2118 0.98
2119 0.96
2120 0.97
2121 0.97
2122 0.96
2123 0.96
2124 0.99
2125 0.96
2126 0.98
2127 0.94
2128 0.96
2129 0.94
2130 0.98
2131 0.94
2132 0.98
2133 0.97
2134 0.95
2135 0.97
2136 0.96
2137 0.95
2138 0.93
2139 0.96
2140 0.97
2141 0.96
2142 0.96
2143 0.97
2144 0.98
2145 0.96
2146 0.97
2147 0.95
2148 0.97
2149 0.98
2150 0.94
2151 0.97
2152 0.97
2153 0.96
2154 0.95
2155 0.94
2156 0.92
2157 0.98
2158 0.99
2159 0.97
2160 0.98
2161 0.98
2162 0.97
2163 0.96
2164 0.97
2165 0.95
2166 0.95
2167 0.92
2168 0.94
2169 0.98
2170 0.97
2171 1.0
2172 0.99
2173 0.95
2174 0.98
2175 0.96
2176 0.96
2177 0.98
2178 0.99
2179 0.98
2180 0.95
2181 0.97
2182 0.95
2183 0.95
2184 0.94
2185 0.94
2186 0.95
2187 0.94
2188 0.96
2189 0.95
2190 0.97
2191 0.95
2192 0.93
2193 0.94
2194 0.98
2195 0.97
2196 0.95
2197 0.95
2198 0.95
2199 0.96
2200 0.98
2201 0.94
2202 0.96
2203 0.95
2204 0.97
2205 0.94
2206 0.94
2207 0.96
2208 0.97
2209 0.93
2210 0.95
2211 0.93
2212 0.93
2213 0.93
2214 0.96
2215 0.95
2216 0.94
2217 0.95
2218 0.96
2219 0.94
2220 0.95
2221 0.95
2222 0.97
2223 1.0
2224 0.95
2225 0.95
2226 0.98
2227 0.99
2228 0.97
2229 0.98
2230 0.98
2231 0.98
2232 0.97
2233 0.96
2234 0.97
2235 0.96
2236 0.97
2237 0.94
2238 0.97
2239 0.96
2240 0.95
2241 0.95
2242 0.94
2243 0.96
2244 0.95
2245 0.95
2246 0.96
2247 0.96
2248 0.96
2249 0.96
2250 0.96
2251 0.99
2252 0.98
2253 0.96
2254 0.97
2255 0.95
2256 0.97
2257 0.96
2258 0.92
2259 0.95
2260 0.94
2261 0.95
2262 0.94
2263 0.94
2264 0.92
2265 0.93
2266 0.96
2267 0.97
2268 0.96
2269 0.99
2270 0.97
2271 0.96
2272 0.97
2273 0.99
2274 0.94
2275 0.96
2276 0.96
2277 0.95
2278 0.97
2279 0.94
2280 0.93
2281 0.97
2282 0.94
2283 0.97
2284 0.94
2285 0.97
2286 0.95
2287 0.94
2288 0.93
2289 0.96
2290 0.96
2291 0.95
2292 0.97
2293 0.97
2294 0.96
2295 0.98
2296 0.95
2297 0.94
2298 0.96
2299 0.96
2300 0.99
2301 0.98
2302 0.99
2303 0.96
2304 0.97
2305 0.93
2306 0.92
2307 0.95
2308 0.97
2309 0.96
2310 0.92
2311 0.94
2312 0.94
2313 0.95
2314 0.94
2315 0.97
2316 0.95
2317 0.95
2318 0.96
2319 0.95
2320 0.92
2321 0.95
2322 0.96
2323 0.98
2324 0.96
2325 0.97
2326 0.97
2327 0.97
2328 0.96
2329 0.96
2330 0.94
2331 0.93
2332 0.92
2333 0.96
2334 1.0
2335 0.93
2336 0.97
2337 0.94
2338 0.97
2339 0.97
2340 0.91
2341 0.96
2342 0.93
2343 0.92
2344 0.92
2345 0.97
2346 0.98
2347 0.93
2348 0.97
2349 0.95
2350 0.96
2351 0.94
2352 0.96
2353 0.94
2354 0.98
2355 0.97
2356 0.95
2357 0.98
2358 0.97
2359 0.97
2360 0.97
2361 0.98
2362 0.97
2363 0.99
2364 0.94
2365 0.93
2366 0.95
2367 0.98
2368 1.0
2369 0.97
2370 0.98
2371 0.97
2372 0.97
2373 0.96
2374 0.94
2375 0.95
2376 0.94
2377 0.97
2378 0.96
2379 0.95
2380 0.94
2381 0.95
2382 0.97
2383 0.98
2384 0.97
2385 0.96
2386 0.97
2387 0.96
2388 0.94
2389 0.97
2390 0.98
2391 0.98
2392 0.95
2393 0.94
2394 0.92
2395 0.93
2396 0.92
2397 0.92
2398 0.91
2399 0.94
2400 0.91
2401 0.94
2402 0.89
2403 0.9
2404 0.91
2405 0.97
2406 0.93
2407 0.95
2408 0.92
2409 0.95
2410 0.93
2411 0.9
2412 0.9
2413 0.9
2414 0.92
2415 0.92
2416 0.92
2417 0.91
2418 0.89
2419 0.92
2420 0.92
2421 0.85
2422 0.92
2423 0.92
2424 0.92
2425 0.94
2426 0.88
2427 0.91
2428 0.93
2429 0.93
2430 0.93
2431 0.92
2432 0.93
2433 0.94
2434 0.92
2435 0.93
2436 0.96
2437 0.94
2438 0.93
2439 0.93
2440 0.93
2441 0.95
2442 0.91
2443 0.96
2444 0.94
2445 0.96
2446 0.97
2447 0.93
2448 0.95
2449 0.95
2450 0.95
2451 0.95
2452 0.97
2453 0.99
2454 1.0
2455 0.99
2456 0.96
2457 0.98
2458 0.94
2459 0.97
2460 0.96
2461 0.98
2462 0.97
2463 0.96
2464 0.97
2465 0.93
2466 0.96
2467 0.96
2468 0.96
2469 0.96
2470 0.99
2471 0.98
2472 0.98
2473 0.95
2474 0.95
2475 0.96
2476 0.98
2477 0.97
2478 0.96
2479 0.95
2480 0.96
2481 0.97
2482 0.96
2483 0.95
2484 0.94
2485 0.96
2486 0.97
2487 0.95
2488 0.96
2489 0.94
2490 0.98
2491 0.98
2492 0.95
2493 0.94
2494 0.93
2495 0.93
2496 0.95
2497 0.97
2498 0.97
2499 0.95
2500 0.95
2501 0.95
2502 0.99
2503 0.93
2504 0.95
2505 0.93
2506 0.95
2507 0.96
2508 0.95
2509 0.87
2510 0.94
2511 0.96
2512 0.96
2513 0.96
2514 0.95
2515 0.93
2516 0.95
2517 0.92
2518 0.95
2519 0.92
2520 0.96
2521 0.95
2522 0.96
2523 0.95
2524 0.94
2525 0.96
2526 0.95
2527 0.94
2528 0.93
2529 0.93
2530 0.93
2531 0.93
2532 0.95
2533 0.95
2534 0.96
2535 0.93
2536 0.95
2537 0.96
2538 0.99
2539 0.96
2540 0.94
2541 0.94
2542 0.96
2543 0.92
2544 0.91
2545 0.95
2546 0.97
2547 0.96
2548 0.95
2549 0.95
2550 0.94
2551 0.96
2552 0.94
2553 0.94
2554 0.95
2555 0.96
2556 0.95
2557 0.97
2558 0.97
2559 0.96
2560 0.93
2561 0.93
2562 0.96
2563 0.96
2564 0.96
2565 0.94
2566 0.97
2567 0.96
2568 0.96
2569 0.92
2570 0.93
2571 0.97
2572 0.95
2573 0.93
2574 0.93
2575 0.93
2576 0.95
2577 0.97
2578 0.99
2579 0.97
2580 1.0
2581 0.97
2582 0.97
2583 0.95
2584 0.96
2585 0.98
2586 0.99
2587 0.96
2588 0.99
2589 0.99
2590 0.97
2591 0.95
2592 0.95
2593 0.96
2594 0.96
2595 0.94
2596 0.96
2597 0.93
2598 0.94
2599 0.98
2600 0.96
2601 0.96
2602 0.97
2603 0.96
2604 0.95
2605 0.96
2606 0.96
2607 0.98
2608 0.95
2609 0.98
2610 0.94
2611 0.94
2612 0.96
2613 0.95
2614 0.98
2615 0.97
2616 0.98
2617 0.98
2618 0.97
2619 0.97
2620 0.99
2621 0.97
2622 0.96
2623 0.94
2624 0.97
2625 0.96
2626 0.98
2627 0.96
2628 0.99
2629 0.96
2630 0.99
2631 0.98
2632 0.97
2633 0.97
2634 0.98
2635 0.99
2636 0.97
2637 0.95
2638 0.98
2639 0.98
2640 1.0
2641 0.99
2642 0.99
2643 1.0
2644 0.98
2645 0.99
2646 0.98
2647 0.96
2648 0.95
2649 0.96
2650 0.96
2651 0.96
2652 0.97
2653 0.97
2654 0.95
2655 0.96
2656 0.97
2657 0.98
2658 0.98
2659 0.97
2660 0.99
2661 0.96
2662 0.94
2663 0.95
2664 0.92
2665 0.93
2666 0.95
2667 0.94
2668 0.96
2669 0.94
2670 0.95
2671 0.94
2672 0.95
2673 0.96
2674 0.97
2675 0.94
2676 0.93
2677 0.92
2678 0.91
2679 0.89
2680 0.94
2681 0.94
2682 0.88
2683 0.95
2684 0.95
2685 0.92
2686 0.92
2687 0.92
2688 0.9
2689 0.88
2690 0.94
2691 0.9
2692 0.91
2693 0.94
2694 0.97
2695 0.93
2696 0.94
2697 0.93
2698 0.97
2699 0.96
2700 0.98
2701 0.95
2702 0.99
2703 0.97
2704 0.96
2705 0.94
2706 0.93
2707 0.95
2708 0.97
2709 0.97
2710 0.98
2711 0.99
2712 0.98
2713 0.96
2714 0.98
2715 0.97
2716 0.96
2717 0.95
2718 0.97
2719 0.96
2720 0.95
2721 0.95
2722 0.95
2723 0.93
2724 0.95
2725 0.98
2726 0.95
2727 0.92
2728 0.94
2729 0.96
2730 0.95
2731 0.95
2732 0.95
2733 0.96
2734 0.98
2735 0.98
2736 0.96
2737 0.95
2738 0.97
2739 0.96
2740 0.95
2741 0.95
2742 0.97
2743 0.93
2744 0.93
2745 0.94
2746 0.93
2747 0.99
2748 0.94
2749 0.97
2750 0.94
2751 0.98
2752 0.98
2753 0.97
2754 0.98
2755 0.94
2756 0.97
2757 0.94
2758 0.96
2759 0.94
2760 0.88
2761 0.95
2762 0.96
2763 0.95
2764 0.95
2765 0.93
2766 0.93
2767 0.92
2768 0.97
2769 0.97
2770 0.96
2771 0.92
2772 0.91
2773 0.92
2774 0.91
2775 0.95
2776 0.95
2777 0.93
2778 0.94
2779 0.92
2780 0.91
2781 0.92
2782 0.91
2783 0.9
2784 0.95
2785 0.97
2786 0.95
2787 0.93
2788 0.93
2789 0.95
2790 0.97
2791 0.95
2792 0.97
2793 0.94
2794 0.96
2795 0.97
2796 0.94
2797 0.98
2798 0.97
2799 0.97
2800 0.96
2801 0.97
2802 0.97
2803 0.97
2804 0.96
2805 0.96
2806 0.99
2807 0.99
2808 0.97
2809 0.96
2810 0.95
2811 0.93
2812 0.93
2813 0.92
2814 0.9
2815 0.94
2816 0.93
2817 0.93
2818 0.95
2819 0.94
2820 0.94
2821 0.94
2822 0.95
2823 0.95
2824 0.96
2825 0.99
2826 0.95
2827 0.99
2828 0.96
2829 0.96
2830 0.96
2831 0.94
2832 0.93
2833 0.94
2834 0.96
2835 0.96
2836 0.98
2837 0.95
2838 0.98
2839 0.96
2840 0.96
2841 0.98
2842 0.97
2843 0.97
2844 0.97
2845 0.97
2846 0.92
2847 0.93
2848 0.92
2849 0.94
2850 0.96
2851 0.9
2852 0.92
2853 0.97
2854 0.98
2855 0.97
2856 0.98
2857 0.95
2858 0.92
2859 0.9
2860 0.93
2861 0.96
2862 0.93
2863 0.92
2864 0.92
2865 0.94
2866 0.92
2867 0.95
2868 0.94
2869 0.94
2870 0.96
2871 0.96
2872 0.97
2873 0.96
2874 0.98
2875 0.98
2876 0.96
2877 0.94
2878 0.98
2879 0.95
2880 0.97
2881 0.95
2882 0.98
2883 0.96
2884 0.95
2885 0.97
2886 0.97
2887 0.98
2888 0.98
2889 0.98
2890 0.96
2891 0.96
2892 0.97
2893 0.98
2894 1.0
2895 0.98
2896 0.99
2897 0.97
2898 0.99
2899 0.98
2900 0.96
2901 0.96
2902 0.97
2903 0.98
2904 0.99
2905 0.98
2906 0.95
2907 0.95
2908 0.93
2909 0.95
2910 0.97
2911 0.98
2912 0.95
2913 0.98
2914 0.96
2915 0.98
2916 0.98
2917 0.98
2918 0.97
2919 0.99
2920 0.96
2921 0.94
2922 0.96
2923 0.96
2924 0.93
2925 0.94
2926 0.93
2927 0.92
2928 0.94
2929 0.94
2930 0.99
2931 0.96
2932 0.96
2933 0.98
2934 0.95
2935 0.94
2936 0.95
2937 0.96
2938 0.96
2939 0.97
2940 0.93
2941 0.96
2942 0.95
2943 0.94
2944 0.94
2945 0.95
2946 0.94
2947 0.95
2948 0.95
2949 0.94
2950 0.92
2951 0.93
2952 0.89
2953 0.89
2954 0.88
2955 0.92
2956 0.92
2957 0.94
2958 0.95
2959 0.95
2960 0.97
2961 0.94
2962 0.94
2963 0.96
2964 0.97
2965 1.0
2966 0.99
2967 0.96
2968 0.96
2969 0.98
2970 0.96
2971 0.98
2972 0.97
2973 0.97
2974 0.98
2975 0.97
2976 0.98
2977 0.97
2978 0.97
2979 0.98
2980 0.96
2981 0.98
2982 0.97
2983 0.98
2984 0.97
2985 1.0
2986 0.98
2987 0.99
2988 1.0
2989 0.98
2990 0.99
2991 0.98
2992 0.98
2993 0.98
2994 0.96
2995 0.97
2996 0.97
2997 0.96
2998 0.96
2999 0.95
3000 0.97
3001 0.98
3002 0.97
3003 0.97
3004 0.99
3005 0.97
3006 0.99
3007 0.96
3008 0.95
3009 0.97
3010 0.95
3011 0.97
3012 0.97
3013 0.98
3014 0.95
3015 0.93
3016 0.94
3017 0.95
3018 0.96
3019 0.98
3020 0.97
3021 0.97
3022 0.96
3023 0.96
3024 0.95
3025 0.95
3026 0.94
3027 0.93
3028 0.96
3029 0.97
3030 0.96
3031 0.96
3032 0.98
3033 0.99
3034 0.97
3035 0.97
3036 0.94
3037 0.95
3038 0.95
3039 0.93
3040 0.94
3041 0.95
3042 0.94
3043 0.95
3044 0.98
3045 0.94
3046 0.94
3047 0.95
3048 0.95
3049 0.97
3050 0.98
3051 0.97
3052 0.98
3053 0.96
3054 0.95
3055 0.93
3056 0.96
3057 0.98
3058 0.96
3059 0.97
3060 0.97
3061 0.98
3062 0.97
3063 0.97
3064 0.99
3065 0.95
3066 0.97
3067 0.95
3068 0.95
3069 0.96
3070 1.0
3071 0.97
3072 0.99
3073 0.98
3074 0.96
3075 0.97
3076 0.97
3077 0.95
3078 0.96
3079 0.94
3080 0.92
3081 0.96
3082 0.96
3083 0.96
3084 0.98
3085 0.99
3086 1.0
3087 0.99
3088 0.97
3089 0.96
3090 0.97
3091 0.99
3092 0.98
3093 0.99
3094 0.93
3095 0.97
3096 0.96
3097 0.98
3098 0.94
3099 0.95
3100 0.96
3101 0.95
3102 0.95
3103 0.97
3104 0.98
3105 0.96
3106 0.95
3107 0.95
3108 0.97
3109 0.95
3110 0.98
3111 0.93
3112 0.96
3113 0.96
3114 0.98
3115 0.94
3116 0.98
3117 0.97
3118 0.96
3119 0.98
3120 0.95
3121 0.94
3122 0.99
3123 0.95
3124 0.97
3125 0.96
3126 0.96
3127 0.97
3128 0.96
3129 0.94
3130 0.96
3131 0.95
3132 0.96
3133 0.94
3134 0.96
3135 0.97
3136 0.94
3137 0.94
3138 0.96
3139 0.96
3140 0.96
3141 0.97
3142 0.97
3143 0.97
3144 0.98
3145 0.99
3146 0.95
3147 0.95
3148 0.97
3149 0.95
3150 0.96
3151 0.94
3152 0.94
3153 0.91
3154 0.95
3155 0.92
3156 0.98
3157 0.96
3158 0.97
3159 0.99
3160 0.95
3161 0.95
3162 0.95
3163 0.93
3164 0.94
3165 0.93
3166 0.95
3167 0.94
3168 0.98
3169 0.98
3170 0.97
3171 0.95
3172 0.96
3173 0.96
3174 0.95
3175 0.93
3176 0.98
3177 0.98
3178 0.96
3179 0.97
3180 0.99
3181 0.97
3182 0.95
3183 0.95
3184 0.97
3185 0.92
3186 0.96
3187 0.94
3188 0.97
3189 0.97
3190 0.93
3191 0.94
3192 0.95
3193 0.94
3194 0.92
3195 0.95
3196 0.93
3197 0.95
3198 0.94
3199 0.93
3200 0.93
3201 0.93
3202 0.96
3203 0.96
3204 0.98
3205 0.97
3206 0.96
3207 0.95
3208 0.98
3209 0.95
3210 0.96
3211 0.97
3212 0.96
3213 0.93
3214 0.95
3215 0.98
3216 0.96
3217 0.92
3218 0.95
3219 0.92
3220 0.92
3221 0.95
3222 0.92
3223 0.94
3224 0.94
3225 0.96
3226 0.96
3227 0.93
3228 0.95
3229 0.93
3230 0.94
3231 0.94
3232 0.92
3233 0.92
3234 0.91
3235 0.91
3236 0.97
3237 0.95
3238 0.97
3239 0.97
3240 0.97
3241 0.94
3242 0.95
3243 0.94
3244 0.96
3245 0.95
3246 0.96
3247 0.97
3248 0.94
3249 0.95
3250 0.97
3251 0.93
3252 0.93
3253 0.95
3254 0.97
3255 0.95
3256 0.98
3257 0.96
3258 0.99
3259 0.95
3260 0.97
3261 0.97
3262 0.99
3263 0.96
3264 0.98
3265 0.95
3266 0.97
3267 0.94
3268 0.98
3269 0.97
3270 0.94
3271 0.93
3272 0.95
3273 0.98
3274 0.97
3275 0.93
3276 0.95
3277 0.96
3278 0.94
3279 0.95
3280 0.97
3281 0.96
3282 0.95
3283 0.98
3284 0.94
3285 0.95
3286 0.96
3287 0.97
3288 0.99
3289 0.98
3290 0.97
3291 0.97
3292 0.99
3293 0.98
3294 0.96
3295 0.97
3296 0.97
3297 0.98
3298 0.97
3299 0.97
3300 0.97
3301 0.97
3302 0.96
3303 0.95
3304 0.95
3305 0.97
3306 0.96
3307 0.97
3308 0.98
3309 0.93
3310 0.96
3311 0.98
3312 0.94
3313 0.9
3314 0.94
3315 0.92
3316 0.91
3317 0.93
3318 0.97
3319 0.97
3320 0.98
3321 0.97
3322 0.98
3323 0.93
3324 0.95
3325 0.96
3326 0.97
3327 0.96
3328 0.94
3329 0.92
3330 0.94
3331 0.94
3332 0.96
3333 0.96
3334 0.97
3335 0.97
3336 0.95
3337 0.93
3338 0.95
3339 0.94
3340 0.95
3341 0.93
3342 0.9
3343 0.96
3344 0.97
3345 0.98
3346 0.98
3347 0.99
3348 0.97
3349 0.98
3350 0.99
3351 0.96
3352 0.99
3353 0.98
3354 0.96
3355 0.93
3356 0.94
3357 0.98
3358 0.96
3359 0.97
3360 0.95
3361 0.97
3362 0.94
3363 0.94
3364 0.93
3365 0.93
3366 0.91
3367 0.94
3368 0.91
3369 0.98
3370 0.93
3371 0.94
3372 0.93
3373 0.96
3374 0.94
3375 0.95
3376 0.97
3377 0.96
3378 0.98
3379 0.97
3380 0.96
3381 0.95
3382 0.97
3383 0.98
3384 0.96
3385 0.99
3386 0.95
3387 0.98
3388 0.99
3389 0.93
3390 0.94
3391 0.94
3392 0.98
3393 0.96
3394 0.96
3395 0.94
3396 0.97
3397 0.97
3398 0.95
3399 0.95
3400 0.95
3401 0.94
3402 0.92
3403 0.94
3404 0.92
3405 0.97
3406 0.94
3407 0.94
3408 0.92
3409 0.97
3410 0.97
3411 0.98
3412 0.96
3413 0.99
3414 0.98
3415 0.98
3416 0.95
3417 0.97
3418 0.93
3419 0.96
3420 0.95
3421 0.95
3422 0.93
3423 0.95
3424 0.94
3425 0.96
3426 0.98
3427 0.98
3428 0.98
3429 0.96
3430 0.99
3431 0.97
3432 0.96
3433 0.96
3434 0.94
3435 0.97
3436 0.99
3437 0.96
3438 0.98
3439 0.98
3440 0.99
3441 0.96
3442 0.99
3443 0.98
3444 0.95
3445 0.96
3446 0.95
3447 0.94
3448 0.97
3449 0.97
3450 0.94
3451 0.96
3452 0.96
3453 0.97
3454 0.95
3455 0.98
3456 0.98
3457 0.99
3458 0.98
3459 0.99
3460 1.0
3461 0.99
3462 1.0
3463 0.98
3464 0.98
3465 0.96
3466 0.93
3467 0.92
3468 0.94
3469 0.97
3470 0.99
3471 1.0
3472 0.97
3473 0.97
3474 0.94
3475 0.97
3476 0.98
3477 0.98
3478 0.97
3479 0.97
3480 0.98
3481 0.98
3482 0.93
3483 0.95
3484 0.95
3485 0.96
3486 0.98
3487 0.97
3488 0.98
3489 0.97
3490 0.98
3491 0.97
3492 0.98
3493 0.97
3494 0.99
3495 0.98
3496 0.97
3497 0.99
3498 0.98
3499 0.98
3500 0.98
3501 0.99
3502 1.0
3503 0.98
3504 0.98
3505 0.96
3506 0.99
3507 0.99
3508 0.98
3509 0.98
3510 0.98
3511 0.98
3512 0.99
3513 0.99
3514 0.98
3515 0.98
3516 0.98
3517 0.97
3518 0.95
3519 0.98
3520 0.98
3521 0.96
3522 0.97
3523 0.97
3524 0.97
3525 0.96
3526 0.98
3527 0.95
3528 0.94
3529 0.96
3530 0.94
3531 0.97
3532 0.96
3533 0.96
3534 0.95
3535 0.96
3536 0.98
3537 0.98
3538 0.97
3539 0.93
3540 0.92
3541 0.93
3542 0.93
3543 0.93
3544 0.98
3545 0.94
3546 0.97
3547 0.96
3548 0.96
3549 0.95
3550 0.93
3551 0.96
3552 0.95
3553 0.96
3554 0.99
3555 0.97
3556 0.97
3557 0.93
3558 0.96
3559 0.97
3560 0.95
3561 0.95
3562 0.99
3563 0.96
3564 0.99
3565 0.98
3566 1.0
3567 0.99
3568 0.98
3569 0.99
3570 0.97
3571 0.96
3572 0.99
3573 0.98
3574 0.96
3575 0.98
3576 0.94
3577 0.94
3578 0.95
3579 0.97
3580 0.96
3581 0.95
3582 0.97
3583 0.96
3584 0.97
3585 0.99
3586 0.96
3587 0.98
3588 0.95
3589 0.96
3590 0.98
3591 0.96
3592 0.97
3593 0.96
3594 0.97
3595 0.96
3596 0.97
3597 0.99
3598 0.97
3599 0.97
3600 0.97
3601 0.97
3602 0.97
3603 0.98
3604 0.96
3605 0.96
3606 0.97
3607 0.97
3608 0.98
3609 0.97
3610 0.97
3611 0.95
3612 0.94
3613 0.95
3614 0.92
3615 0.93
3616 0.93
3617 0.93
3618 0.95
3619 0.95
3620 0.98
3621 0.95
3622 0.97
3623 0.96
3624 0.96
3625 0.97
3626 0.95
3627 0.95
3628 0.97
3629 0.96
3630 0.98
3631 0.95
3632 0.98
3633 0.96
3634 0.98
3635 0.96
3636 0.97
3637 1.0
3638 0.98
3639 0.97
3640 0.95
3641 0.99
3642 0.98
3643 0.96
3644 0.99
3645 0.98
3646 0.97
3647 0.96
3648 0.98
3649 0.97
3650 0.98
3651 0.95
3652 0.97
3653 0.96
3654 0.97
3655 0.97
3656 0.95
3657 0.94
3658 0.98
3659 0.97
3660 0.96
3661 0.96
3662 0.96
3663 0.97
3664 0.98
3665 0.92
3666 0.98
3667 0.99
3668 0.98
3669 0.96
3670 0.98
3671 0.94
3672 0.96
3673 0.96
3674 0.96
3675 0.94
3676 0.98
3677 0.96
3678 0.95
3679 0.94
3680 0.96
3681 0.96
3682 0.93
3683 0.95
3684 0.97
3685 0.97
3686 0.96
3687 0.97
3688 0.95
3689 0.96
3690 0.96
3691 0.94
3692 0.93
3693 0.93
3694 0.95
3695 0.95
3696 0.98
3697 0.95
3698 0.95
3699 0.96
3700 0.95
3701 0.96
3702 0.94
3703 0.96
3704 0.96
3705 0.95
3706 0.99
3707 0.96
3708 0.95
3709 0.95
3710 0.92
3711 0.95
3712 0.95
3713 0.96
3714 0.93
3715 0.95
3716 0.95
3717 0.93
3718 0.94
3719 0.95
3720 0.93
3721 0.94
3722 0.95
3723 0.96
3724 0.97
3725 0.96
3726 0.96
3727 0.95
3728 0.97
3729 0.96
3730 0.92
3731 0.96
3732 0.96
3733 0.95
3734 0.93
3735 0.95
3736 0.94
3737 0.93
3738 0.95
3739 0.96
3740 0.96
3741 0.96
3742 0.97
3743 0.97
3744 0.99
3745 0.99
3746 0.98
3747 0.98
3748 0.97
3749 0.98
3750 0.97
3751 0.96
3752 0.97
3753 0.94
3754 0.97
3755 0.96
3756 0.98
3757 0.97
3758 0.98
3759 0.97
3760 0.94
3761 0.96
3762 0.97
3763 0.98
3764 0.97
3765 0.99
3766 0.94
3767 0.96
3768 0.95
3769 0.98
3770 0.96
3771 0.98
3772 0.97
3773 0.98
3774 0.97
3775 0.98
3776 0.96
3777 0.95
3778 0.95
3779 0.94
3780 0.93
3781 0.95
3782 0.98
3783 0.97
3784 0.96
3785 0.97
3786 0.97
3787 0.98
3788 0.97
3789 0.95
3790 0.97
3791 0.97
3792 0.99
3793 0.97
3794 0.98
3795 0.98
3796 0.98
3797 0.96
3798 0.98
3799 0.97
3800 0.99
3801 0.97
3802 0.96
3803 0.96
3804 0.96
3805 0.97
3806 0.96
3807 0.94
3808 0.92
3809 0.93
3810 0.94
3811 0.94
3812 0.95
3813 0.94
3814 0.93
3815 0.94
3816 0.95
3817 0.94
3818 0.94
3819 0.97
3820 0.92
3821 0.96
3822 0.96
3823 0.95
3824 0.98
3825 0.98
3826 0.98
3827 0.96
3828 0.96
3829 0.96
3830 0.94
3831 0.99
3832 0.97
3833 0.97
3834 0.95
3835 0.97
3836 0.95
3837 0.98
3838 0.96
3839 0.97
3840 0.97
3841 0.97
3842 0.97
3843 0.98
3844 0.98
3845 0.98
3846 0.98
3847 0.98
3848 0.96
3849 0.99
3850 0.96
3851 0.96
3852 0.94
3853 0.97
3854 0.98
3855 0.96
3856 0.96
3857 0.99
3858 0.97
3859 0.96
3860 0.96
3861 0.96
3862 0.96
3863 0.95
3864 0.95
3865 0.98
3866 0.97
3867 0.97
3868 0.95
3869 0.97
3870 0.96
3871 0.97
3872 0.93
3873 0.95
3874 0.96
3875 0.93
3876 0.95
3877 0.96
3878 0.96
3879 0.92
3880 0.94
3881 0.94
3882 0.95
3883 0.95
3884 0.95
3885 0.95
3886 0.95
3887 0.97
3888 0.95
3889 0.95
3890 0.96
3891 0.96
3892 0.97
3893 0.97
3894 0.98
3895 0.94
3896 0.99
3897 0.98
3898 0.97
3899 0.93
3900 0.96
3901 0.95
3902 0.97
3903 0.92
3904 0.94
3905 0.95
3906 0.96
3907 0.98
3908 0.96
3909 0.99
3910 0.96
3911 0.96
3912 0.96
3913 0.97
3914 0.99
3915 0.98
3916 0.98
3917 0.97
3918 0.97
3919 0.94
3920 0.96
3921 0.97
3922 0.97
3923 0.94
3924 0.95
3925 0.91
3926 0.93
3927 0.92
3928 0.96
3929 0.95
3930 0.98
3931 0.99
3932 0.96
3933 0.98
3934 0.96
3935 0.98
3936 0.97
3937 0.95
3938 0.96
3939 0.95
3940 0.96
3941 0.97
3942 0.95
3943 0.98
3944 0.94
3945 0.93
3946 0.96
3947 0.95
3948 0.92
3949 0.91
3950 0.91
3951 0.9
3952 0.93
3953 0.95
3954 0.94
3955 0.94
3956 0.91
3957 0.93
3958 0.95
3959 0.94
3960 0.97
3961 0.96
3962 0.96
3963 0.97
3964 0.95
3965 0.93
3966 0.96
3967 0.96
3968 0.97
3969 0.97
3970 0.96
3971 0.96
3972 0.92
3973 0.93
3974 0.95
3975 0.98
3976 0.96
3977 0.97
3978 0.96
3979 0.94
3980 0.98
3981 0.99
3982 0.96
3983 0.97
3984 0.97
3985 0.94
3986 0.96
3987 0.97
3988 0.97
3989 0.94
3990 0.95
3991 0.95
3992 0.96
3993 0.93
3994 0.96
3995 0.94
3996 0.96
3997 0.97
3998 0.97
3999 0.99
4000 0.96
4001 0.98
4002 0.95
4003 0.96
4004 0.97
4005 0.98
4006 0.96
4007 0.96
4008 0.95
4009 0.96
4010 0.99
4011 0.98
4012 0.97
4013 0.97
4014 0.98
4015 0.95
4016 0.97
4017 0.94
4018 0.94
4019 0.95
4020 0.94
4021 0.95
4022 0.96
4023 0.98
4024 0.94
4025 0.92
4026 0.93
4027 0.98
4028 0.94
4029 0.95
4030 0.97
4031 0.97
4032 0.98
4033 0.97
4034 0.96
4035 0.98
4036 0.96
4037 0.97
4038 0.99
4039 0.97
4040 0.98
4041 0.96
4042 0.97
4043 0.96
4044 0.95
4045 0.96
4046 0.98
4047 0.97
4048 0.95
4049 0.97
4050 0.95
4051 0.97
4052 0.98
4053 0.99
4054 0.98
4055 0.97
4056 0.98
4057 0.91
4058 0.93
4059 0.96
4060 0.94
4061 0.94
4062 0.95
4063 0.92
4064 0.96
4065 0.97
4066 0.98
4067 0.97
4068 0.96
4069 0.96
4070 0.98
4071 0.99
4072 0.98
4073 0.96
4074 0.98
4075 0.97
4076 0.96
4077 0.97
4078 0.97
4079 0.97
4080 0.98
4081 0.98
4082 0.98
4083 0.99
4084 0.99
4085 0.97
4086 0.98
4087 0.98
4088 0.96
4089 0.96
4090 0.97
4091 0.96
4092 0.95
4093 0.97
4094 0.97
4095 0.95
4096 0.96
4097 0.95
4098 0.94
4099 0.9
4100 0.91
4101 0.95
4102 0.97
4103 0.95
4104 0.98
4105 0.98
4106 0.96
4107 0.99
4108 0.95
4109 0.96
4110 0.93
4111 0.95
4112 0.94
4113 0.98
4114 0.99
4115 0.97
4116 0.99
4117 0.99
4118 0.96
4119 0.98
4120 0.98
4121 0.98
4122 0.98
4123 0.99
4124 0.99
4125 1.0
4126 0.98
4127 0.95
4128 0.96
4129 0.98
4130 0.98
4131 0.96
4132 0.97
4133 0.95
4134 0.96
4135 0.96
4136 0.96
4137 0.96
4138 0.97
4139 0.95
4140 0.95
4141 0.95
4142 0.94
4143 0.94
4144 0.97
4145 0.94
4146 0.96
4147 0.92
4148 0.93
4149 0.92
4150 0.92
4151 0.92
4152 0.94
4153 0.94
4154 0.93
4155 0.96
4156 0.98
4157 0.99
4158 1.0
4159 0.99
4160 0.96
4161 0.97
4162 0.96
4163 1.0
4164 0.97
4165 0.95
4166 0.92
4167 0.91
4168 0.93
4169 0.9
4170 0.9
4171 0.95
4172 0.95
4173 0.97
4174 0.94
4175 0.92
4176 0.96
4177 0.94
4178 0.97
4179 0.98
4180 1.0
4181 0.97
4182 0.94
4183 0.95
4184 0.97
4185 0.98
4186 0.97
4187 0.97
4188 0.96
4189 0.97
4190 0.97
4191 0.97
4192 0.96
4193 0.93
4194 0.94
4195 0.91
4196 0.93
4197 0.93
4198 0.93
4199 0.89
4200 0.94
4201 0.92
4202 0.89
4203 0.88
4204 0.91
4205 0.92
4206 0.92
4207 0.98
4208 0.95
4209 0.96
4210 0.97
4211 0.98
4212 0.96
4213 0.95
4214 0.96
4215 0.95
4216 0.96
4217 0.95
4218 0.96
4219 0.94
4220 0.95
4221 0.97
4222 0.96
4223 0.95
4224 0.98
4225 0.97
4226 0.93
4227 0.94
4228 0.92
4229 0.94
4230 0.94
4231 0.94
4232 0.97
4233 0.97
4234 0.95
4235 0.9
4236 0.92
4237 0.95
4238 0.94
4239 0.93
4240 0.97
4241 0.97
4242 0.97
4243 0.98
4244 0.98
4245 0.94
4246 0.95
4247 0.93
4248 0.92
4249 0.91
4250 0.93
4251 0.93
4252 0.98
4253 0.96
4254 0.95
4255 0.97
4256 0.96
4257 0.97
4258 0.97
4259 0.96
4260 0.96
4261 0.97
4262 0.96
4263 0.97
4264 0.98
4265 0.98
4266 0.96
4267 0.97
4268 0.97
4269 0.97
4270 0.95
4271 0.96
4272 0.97
4273 0.98
4274 0.99
4275 0.96
4276 0.95
4277 0.98
4278 0.98
4279 0.97
4280 0.97
4281 0.95
4282 0.94
4283 0.96
4284 0.96
4285 0.96
4286 1.0
4287 0.97
4288 0.95
4289 0.97
4290 0.98
4291 0.97
4292 0.96
4293 0.98
4294 0.94
4295 0.95
4296 0.98
4297 1.0
4298 0.96
4299 0.98
4300 0.96
4301 0.98
4302 1.0
4303 0.96
4304 0.95
4305 0.95
4306 0.96
4307 0.98
4308 0.99
4309 0.99
4310 0.96
4311 0.98
4312 0.99
4313 0.99
4314 0.97
4315 0.92
4316 0.94
4317 0.93
4318 0.94
4319 0.93
4320 0.95
4321 0.95
4322 0.94
4323 0.97
4324 0.98
4325 0.97
4326 0.98
4327 0.96
4328 0.94
4329 0.98
4330 1.0
4331 0.97
4332 0.99
4333 0.99
4334 0.99
4335 0.97
4336 0.96
4337 0.98
4338 0.96
4339 0.98
4340 0.97
4341 0.97
4342 0.94
4343 0.94
4344 0.93
4345 0.94
4346 0.93
4347 0.94
4348 0.93
4349 0.94
4350 0.94
4351 0.95
4352 0.95
4353 0.96
4354 0.96
4355 0.97
4356 0.98
4357 0.96
4358 0.93
4359 0.94
4360 0.94
4361 0.94
4362 0.94
4363 0.96
4364 0.96
4365 0.94
4366 0.95
4367 0.94
4368 0.95
4369 0.96
4370 0.96
4371 0.95
4372 0.97
4373 0.96
4374 0.94
4375 0.96
4376 0.95
4377 0.96
4378 0.95
4379 0.97
4380 0.99
4381 0.96
4382 0.94
4383 0.98
4384 0.98
4385 0.96
4386 0.97
4387 0.98
4388 0.98
4389 0.98
4390 0.97
4391 0.97
4392 0.99
4393 0.99
4394 0.96
4395 0.97
4396 0.96
4397 0.95
4398 0.95
4399 0.97
4400 0.97
4401 0.96
4402 0.96
4403 0.96
4404 0.96
4405 0.97
4406 0.96
4407 0.96
4408 0.95
4409 0.95
4410 0.97
4411 0.97
4412 0.98
4413 0.98
4414 0.99
4415 0.98
4416 0.96
4417 0.96
4418 0.98
4419 0.99
4420 0.96
4421 0.97
4422 0.97
4423 0.95
4424 0.96
4425 0.98
4426 0.98
4427 0.97
4428 0.98
4429 0.97
4430 0.97
4431 0.97
4432 0.99
4433 0.96
4434 0.97
4435 0.96
4436 0.96
4437 0.95
4438 0.94
4439 0.95
4440 0.98
4441 0.99
4442 0.95
4443 0.98
4444 0.97
4445 0.98
4446 0.94
4447 0.96
4448 0.91
4449 0.94
4450 0.96
4451 0.99
4452 0.95
4453 0.98
4454 0.94
4455 0.95
4456 0.95
4457 0.98
4458 0.99
4459 0.94
4460 0.96
4461 0.97
4462 0.95
4463 0.96
4464 0.94
4465 0.95
4466 0.95
4467 0.94
4468 0.94
4469 0.95
4470 0.98
4471 0.98
4472 0.96
4473 0.97
4474 0.96
4475 0.94
4476 0.93
4477 0.91
4478 0.96
4479 0.96
4480 0.94
4481 0.95
4482 0.95
4483 0.97
4484 0.94
4485 0.97
4486 0.94
4487 0.94
4488 0.94
4489 0.96
4490 0.95
4491 0.97
4492 0.96
4493 0.96
4494 0.96
4495 0.96
4496 0.96
4497 0.96
4498 0.97
4499 0.96
4500 0.97
4501 0.97
4502 0.95
4503 0.94
4504 0.96
4505 0.96
4506 0.93
4507 0.96
4508 0.96
4509 0.96
4510 0.94
4511 0.96
4512 0.94
4513 0.97
4514 0.93
4515 0.96
4516 0.93
4517 0.95
4518 0.94
4519 0.95
4520 0.95
4521 0.89
4522 0.92
4523 0.94
4524 0.96
4525 0.97
4526 0.98
4527 0.95
4528 0.95
4529 0.97
4530 0.98
4531 0.98
4532 0.95
4533 0.97
4534 0.95
4535 0.94
4536 0.98
4537 0.96
4538 0.98
4539 0.97
4540 0.98
4541 0.97
4542 0.95
4543 0.96
4544 0.96
4545 0.92
4546 0.97
4547 0.96
4548 0.94
4549 0.94
4550 0.95
4551 0.96
4552 0.96
4553 0.95
4554 0.91
4555 0.92
4556 0.92
4557 0.95
4558 0.9
4559 0.95
4560 0.99
4561 0.99
4562 0.97
4563 0.97
4564 0.95
4565 0.98
4566 0.98
4567 0.98
4568 0.98
4569 0.96
4570 0.99
4571 0.96
4572 0.96
4573 0.95
4574 0.91
4575 0.97
4576 0.96
4577 0.95
4578 0.94
4579 0.96
4580 0.92
4581 0.95
4582 0.93
4583 0.95
4584 0.95
4585 0.94
4586 0.97
4587 0.98
4588 0.95
4589 0.98
4590 0.97
4591 0.98
4592 0.94
4593 0.95
4594 0.96
4595 0.96
4596 0.94
4597 0.95
4598 0.95
4599 0.94
4600 0.97
4601 0.95
4602 0.94
4603 0.96
4604 0.99
4605 0.98
4606 0.96
4607 0.94
4608 0.96
4609 0.97
4610 0.97
4611 0.98
4612 0.99
4613 0.97
4614 0.98
4615 0.96
4616 0.96
4617 0.99
4618 0.97
4619 0.98
4620 0.95
4621 0.97
4622 0.99
4623 0.97
4624 0.96
4625 0.96
4626 0.96
4627 0.96
4628 0.99
4629 0.97
4630 0.98
4631 0.98
4632 0.97
4633 0.97
4634 0.99
4635 0.97
4636 0.99
4637 0.98
4638 0.98
4639 0.97
4640 0.96
4641 0.95
4642 0.95
4643 0.94
4644 0.97
4645 0.95
4646 0.97
4647 0.96
4648 0.95
4649 0.96
4650 0.96
4651 0.97
4652 0.96
4653 0.98
4654 0.93
4655 0.94
4656 0.97
4657 1.0
4658 0.97
4659 1.0
4660 0.94
4661 0.98
4662 0.98
4663 0.98
4664 0.98
4665 1.0
4666 0.97
4667 0.96
4668 0.98
4669 0.98
4670 0.98
4671 0.97
4672 0.97
4673 0.96
4674 0.96
4675 0.94
4676 0.97
4677 0.94
4678 0.98
4679 0.96
4680 0.97
4681 0.94
4682 0.92
4683 0.95
4684 0.95
4685 0.97
4686 0.99
4687 0.97
4688 0.98
4689 0.96
4690 0.98
4691 0.98
4692 0.97
4693 0.94
4694 0.98
4695 0.98
4696 0.98
4697 0.96
4698 0.96
4699 0.95
4700 0.97
4701 0.96
4702 0.97
4703 0.97
4704 0.97
4705 0.97
4706 0.97
4707 0.97
4708 0.95
4709 0.96
4710 0.96
4711 0.94
4712 0.94
4713 0.94
4714 0.97
4715 0.94
4716 0.93
4717 0.97
4718 0.97
4719 0.92
4720 0.93
4721 0.95
4722 0.94
4723 0.92
4724 0.94
4725 0.97
4726 0.97
4727 0.97
4728 0.96
4729 0.96
4730 0.95
4731 0.95
4732 0.95
4733 0.95
4734 0.93
4735 0.95
4736 0.97
4737 0.96
4738 0.97
4739 0.98
4740 0.98
4741 0.96
4742 0.97
4743 1.0
4744 0.96
4745 0.98
4746 0.97
4747 1.0
4748 0.96
4749 1.0
4750 0.96
4751 1.0
4752 0.98
4753 0.96
4754 0.97
4755 0.97
4756 0.98
4757 0.98
4758 0.96
4759 0.95
4760 0.96
4761 0.97
4762 0.98
4763 0.97
4764 0.94
4765 0.96
4766 0.92
4767 0.97
4768 0.94
4769 0.96
4770 0.93
4771 0.96
4772 0.96
4773 0.96
4774 0.98
4775 0.94
4776 0.96
4777 0.96
4778 0.94
4779 0.93
4780 0.93
4781 0.93
4782 0.94
4783 0.94
4784 0.95
4785 0.94
4786 0.97
4787 0.94
4788 0.91
4789 0.94
4790 0.94
4791 0.95
4792 0.95
4793 0.94
4794 0.93
4795 0.95
4796 0.94
4797 0.94
4798 0.94
4799 0.97
4800 0.97
4801 0.98
4802 0.98
4803 0.94
4804 0.95
4805 0.97
4806 0.98
4807 0.97
4808 0.94
4809 0.96
4810 0.95
4811 0.95
4812 0.95
4813 0.97
4814 0.96
4815 0.98
4816 0.93
4817 0.95
4818 0.97
4819 0.97
4820 0.97
4821 0.96
4822 0.96
4823 0.97
4824 0.97
4825 0.93
4826 0.93
4827 0.93
4828 0.97
4829 0.97
4830 0.97
4831 0.97
4832 0.97
4833 0.98
4834 0.96
4835 0.96
4836 0.95
4837 0.97
4838 0.94
4839 0.93
4840 0.94
4841 0.97
4842 0.96
4843 0.96
4844 0.96
4845 0.97
4846 0.98
4847 0.95
4848 0.97
4849 0.97
4850 0.99
4851 0.94
4852 0.95
4853 0.95
4854 0.96
4855 0.96
4856 0.96
4857 0.95
4858 0.94
4859 0.93
4860 0.92
4861 0.92
4862 0.92
4863 0.96
4864 0.98
4865 0.92
4866 0.94
4867 0.94
4868 0.95
4869 0.98
4870 0.96
4871 0.99
4872 0.94
4873 0.93
4874 0.93
4875 0.97
4876 0.95
4877 0.92
4878 0.95
4879 0.96
4880 0.96
4881 0.96
4882 0.98
4883 0.98
4884 0.99
4885 0.96
4886 0.92
4887 0.94
4888 0.96
4889 0.95
4890 0.92
4891 0.98
4892 0.94
4893 0.96
4894 0.97
4895 0.95
4896 0.95
4897 0.97
4898 0.97
4899 0.99
4900 0.99
4901 0.94
4902 0.96
4903 0.97
4904 0.97
4905 0.98
4906 0.94
4907 0.94
4908 0.93
4909 0.95
4910 0.93
4911 0.93
4912 0.93
4913 0.96
4914 0.97
4915 0.97
4916 0.93
4917 0.96
4918 0.94
4919 0.95
4920 0.94
4921 0.97
4922 0.95
4923 0.95
4924 0.95
4925 0.9
4926 0.93
4927 0.95
4928 0.94
4929 0.89
4930 0.93
4931 0.9
4932 0.96
4933 0.92
4934 0.98
4935 0.97
4936 0.95
4937 0.94
4938 0.95
4939 0.96
4940 0.98
4941 0.9
4942 0.94
4943 0.97
4944 0.94
4945 0.98
4946 0.93
4947 0.96
4948 0.97
4949 0.95
4950 0.96
4951 0.94
4952 0.94
4953 0.96
4954 0.97
4955 0.99
4956 0.96
4957 0.95
4958 0.94
4959 0.94
4960 0.94
4961 0.95
4962 0.96
4963 0.96
4964 0.99
4965 0.97
4966 0.97
4967 0.97
4968 0.98
4969 0.99
4970 0.99
4971 0.97
4972 0.95
4973 0.96
4974 0.93
4975 0.97
4976 0.98
4977 0.94
4978 0.95
4979 0.96
4980 0.96
4981 0.97
4982 0.95
4983 0.96
4984 0.97
4985 0.96
4986 0.95
4987 0.97
4988 0.99
4989 0.99
4990 0.96
4991 0.99
4992 0.99
4993 0.96
4994 0.94
4995 0.95
4996 0.97
4997 0.96
4998 0.94
4999 0.92
5000 0.93
