0 0.1182277569829857
1 0.12194044092214379
2 0.11703451816362218
3 0.12276999020033372
4 0.1117666884654259
5 0.11074395810811367
6 0.11655208919311902
7 0.12171711870480999
8 0.10352564205484668
9 0.11629135341548871
10 0.10700183768294619
11 0.08804791774546271
12 0.10916747421916645
13 0.11480883609513634
14 0.11333168958210936
15 0.10373035320983268
16 0.10722535268600675
17 0.09935303179313684
18 0.09239764292469865
19 0.10444748493714799
20 0.09903717255645816
21 0.11275358584451486
22 0.11559032675080323
23 0.11232188199186754
24 0.11637100200211814
25 0.12178190865471414
26 0.12165353543845356
27 0.11035087570328767
28 0.12131797084910273
29 0.11537163056537972
30 0.10641144793682145
31 0.1085463005951241
32 0.10474824876771184
33 0.11615807198278784
34 0.11200703577542441
35 0.11604913488905365
36 0.11466173921493976
37 0.12158001453466506
38 0.10688872711029637
39 0.10176401855440574
40 0.10439992878933811
41 0.11698328128069714
42 0.11191568984619638
43 0.11521376745745995
44 0.11617853486343858
45 0.13250119614308942
46 0.09842559984984663
47 0.12463470027186851
48 0.11007402832918507
49 0.10448676090094357
50 0.11407976099542062
51 0.11731039815443842
52 0.10849341339557303
53 0.1112582126204042
54 0.10562908738507036
55 0.12386656904380472
56 0.12291579395695243
57 0.12228238096493017
58 0.11926092050994538
59 0.10649698123376171
60 0.11789012527650754
61 0.10061850640402963
62 0.12045766241134505
63 0.11784634830319798
64 0.11213817289420472
65 0.1065212787762139
66 0.11515623068223604
67 0.11853992777184197
68 0.12048661333970818
69 0.11812783432477181
70 0.10384054688233481
71 0.11164639096561645
72 0.10461097420828275
73 0.11528198686911187
74 0.09807804704915163
75 0.10131359369012598
76 0.1134060407759802
77 0.11676498015536321
78 0.1216140420886059
79 0.10970374823959653
80 0.11096688351416312
81 0.10223476448079152
82 0.11527825785799664
83 0.11659600957957073
84 0.11636564137884521
85 0.08901000702161521
86 0.10326497363197434
87 0.11276336178920311
88 0.12046766662913687
89 0.11172404173665722
90 0.1065125584360225
91 0.1044340234476551
92 0.11720726496911466
93 0.12010666203206127
94 0.11864937733531856
95 0.11911030808407873
96 0.11783418185665624
97 0.12162997483125579
98 0.1158138790864724
99 0.10796605246654098
100 0.12137678037404272
101 0.10909789452076782
102 0.10523250251066013
103 0.11107343862576217
104 0.10309655018062906
105 0.11161477496656287
106 0.11362427358975381
107 0.10479369037624374
108 0.11409136013364055
109 0.117886800214482
110 0.11726329788790835
111 0.0937667015354911
112 0.09510266102740401
113 0.10787345779099958
114 0.10953890724523603
115 0.10296128839160124
116 0.10636802333465016
117 0.11191744521350958
118 0.09136601458419491
119 0.10684968183922232
120 0.11840533344113244
121 0.11339466817179195
122 0.10807797919500624
123 0.10254253111974089
124 0.11056325641836444
125 0.12233138101591579
126 0.11048075345930164
127 0.11562090657694034
128 0.09778773254939425
129 0.10563881354889891
130 0.0879870431353195
131 0.10914049672836512
132 0.11305253902055844
133 0.09875705801764283
134 0.10817768427030805
135 0.12186371112190446
136 0.11593922299658183
137 0.10851541745962283
138 0.10671981650797555
139 0.09356681629890147
140 0.10470852342464453
141 0.12238295449190892
142 0.10786991790853909
143 0.11408816248359255
144 0.11680081452606902
145 0.11709220550772481
146 0.11133545626242003
147 0.11354519399632257
148 0.11571272672491291
149 0.12192610432962529
150 0.12113988632730238
151 0.1039609159439988
152 0.11073196915519916
153 0.11424809283308272
154 0.10713852412474388
155 0.11876370723187087
156 0.12153260875671855
157 0.1147479361524193
158 0.11701736084950769
159 0.11300380359654853
160 0.10515035304368413
161 0.10447983813383445
162 0.11444746806496825
163 0.11479617885240453
164 0.11809241942432132
165 0.11781696641861909
166 0.10121491255975791
167 0.10840913878956084
168 0.12352293053137005
169 0.12014510620229059
170 0.10746465794514845
171 0.10662028520230368
172 0.10476620156035919
173 0.10644284448144746
174 0.09927296149709414
175 0.11713569909633863
176 0.1129698432488373
177 0.10880142648011722
178 0.1239442972022445
179 0.11557884510889876
180 0.11561776423305649
181 0.11503813397772039
182 0.11854996452733826
183 0.10152887134444885
184 0.11217797727384285
185 0.1005757226141766
186 0.09490949681843429
187 0.11146157182720473
188 0.12190912844614298
189 0.11991107072995585
190 0.098258215932704
191 0.09627684407752073
192 0.1259604805859719
193 0.10071675261202719
194 0.12247254127542523
195 0.11604902016288143
196 0.12700818596849614
197 0.12260199036716841
198 0.12105089013521772
199 0.10439586086221765
200 0.12027821088769147
201 0.1293181791713154
202 0.10992835183822068
203 0.10809526792459893
204 0.10998788928952234
205 0.10965022080909734
206 0.11315130187467903
207 0.11177798748113354
208 0.11252123766078656
209 0.11889865192790336
210 0.11255715701404756
211 0.09752572484196495
212 0.1066937884321551
213 0.10653568577176038
214 0.11459056308726265
215 0.10180816637165029
216 0.10618302633105352
217 0.1133734410092055
218 0.08714685531954006
219 0.11371174427887107
220 0.10289107311798659
221 0.11306247694232148
222 0.12643638859307096
223 0.11653263588150736
224 0.11802036159458087
225 0.11737330660803363
226 0.11476121644025032
227 0.10580383073315447
228 0.10592825128592344
229 0.10935430184828504
230 0.10950001294291209
231 0.11855520387120877
232 0.10492751966005727
233 0.09536517781973465
234 0.1074205847025524
235 0.1050188743414577
236 0.10961904639000715
237 0.11530691544370636
238 0.10384914623319089
239 0.09756138750315749
240 0.10140295442770796
241 0.11754413949938827
242 0.10743910810091944
243 0.10201552213960302
244 0.11484335048326347
245 0.11007514808023405
246 0.09418517444622444
247 0.1159369045829781
248 0.11393512684892546
249 0.11404119071013522
250 0.11673512633923773
251 0.119684933536179
252 0.1076886459630772
253 0.10940571139616478
254 0.11104981709842812
255 0.12548326109719932
256 0.1266094993983082
257 0.1083982957847938
258 0.1140994398546713
259 0.12132171686187623
260 0.09973730011195464
261 0.100007774758178
262 0.11405681421430713
263 0.12180804934302268
264 0.11503179169672463
265 0.1030082429712606
266 0.11316173740926365
267 0.10900285258477538
268 0.1254804062133308
269 0.12274930331458238
270 0.11906477182092845
271 0.108915894283562
272 0.11425597394965249
273 0.12029855486690137
274 0.09839906753096868
275 0.11004860917672654
276 0.11201160281494328
277 0.11232238587892489
278 0.12769994405626345
279 0.11032348953440087
280 0.11665708550116836
281 0.10997672821590983
282 0.12065054985957065
283 0.10470018194610203
284 0.10739945199179733
285 0.09034607834461532
286 0.11283383096816732
287 0.11476863037374982
288 0.11992661972716559
289 0.12073875936486235
290 0.10530038704432185
291 0.10674927936107778
292 0.11603537620117814
293 0.10441194348957847
294 0.12231245804387264
295 0.1159137082087075
296 0.12435721587783413
297 0.1246532402707359
298 0.11528671009484136
299 0.0913443301928382
300 0.1252642063350608
301 0.10903889118873986
302 0.10840898193691614
303 0.10835179796333459
304 0.10779320997597562
305 0.12065350621702596
306 0.11536947320247314
307 0.10736587673768694
308 0.11033026426713866
309 0.12324952517980844
310 0.11733430739252175
311 0.11459491685440386
312 0.09879380175183405
313 0.10120403275227177
314 0.11622549214078752
315 0.09900483352067531
316 0.10599565632039412
317 0.11591610673421919
318 0.10529934467813325
319 0.10974644397243723
320 0.11219547194281089
321 0.11935903146658097
322 0.12066930902582101
323 0.11531721474005914
324 0.10694246306780936
325 0.12350545273400443
326 0.11339679860143405
327 0.11424296270277672
328 0.09900315949961527
329 0.10577596516114875
330 0.09690567185138277
331 0.10714036671993667
332 0.11184524142897305
333 0.09940490308186686
334 0.10914351339480184
335 0.11609958260473804
336 0.11701727582723184
337 0.11217973392638152
338 0.10257352955863255
339 0.10607047579312433
340 0.11129225274449715
341 0.12155419660800117
342 0.10843150745413654
343 0.09390677887860986
344 0.11521925611477649
345 0.10595593287451145
346 0.11177732519020589
347 0.10830867693666892
348 0.12139609824122695
349 0.10477801727305155
350 0.11087711721775619
351 0.11049463789348593
352 0.11141764653190908
353 0.11981158464105443
354 0.11229429461029636
355 0.12301119029853479
356 0.11802498622752669
357 0.09837705634577733
358 0.1145912823432285
359 0.12153735114423714
360 0.10709306918554895
361 0.09813437247462024
362 0.11939443998856267
363 0.11835097538110434
364 0.1218418812054953
365 0.11595148493066991
366 0.09678441941384162
367 0.10761912198155948
368 0.11512845512795351
369 0.12228277352910805
370 0.12057373144584334
371 0.10959034105528176
372 0.11695102210047793
373 0.11571612964070617
374 0.10476406020755699
375 0.11208748603015
376 0.11363485041128454
377 0.10963063117968819
378 0.12451853488536488
379 0.11936223178463173
380 0.11561757495420028
381 0.10946471984358197
382 0.11119684383252616
383 0.10162265198433351
384 0.10308660147401595
385 0.09994779676817511
386 0.10703213977468981
387 0.10778484003857595
388 0.11946953079636527
389 0.11897476368742095
390 0.10597821043237277
391 0.09404543574834093
392 0.12394957599805571
393 0.10467007393984794
394 0.1213641387939849
395 0.11978838832156906
396 0.1252663111558805
397 0.1190137902871887
398 0.12571228778465565
399 0.0977483040561701
400 0.11572787844498249
401 0.12073447493468824
402 0.11189209419201282
403 0.10912237061670045
404 0.11072129381844383
405 0.1089420819514614
406 0.11250200279932623
407 0.10457763063212756
408 0.12002020888398486
409 0.11809492047316794
410 0.11339601696367302
411 0.10321310719880865
412 0.10847485015688954
413 0.11194006862439024
414 0.10530028773593653
415 0.10376889845993326
416 0.09784443111106973
417 0.1172501293063841
418 0.0990397952867334
419 0.10660744484321848
420 0.10379992499129304
421 0.11623172585662842
422 0.11647782426506006
423 0.10783817831593163
424 0.10897842070487862
425 0.11783828316200554
426 0.11756621923753
427 0.10926847140021576
428 0.10433918751877837
429 0.10792872969746621
430 0.10526424590571654
431 0.10323846542999769
432 0.10432325351343083
433 0.10131098824297133
434 0.10830650968102237
435 0.1107305930637538
436 0.11089965586821444
437 0.12838934098899712
438 0.10620491126193916
439 0.10542425642841288
440 0.11559969146176785
441 0.11833201829041937
442 0.098654831953917
443 0.10435225410943261
444 0.11029873359214684
445 0.10254397136814827
446 0.10446010111683174
447 0.12273116404705248
448 0.1198257052170119
449 0.10823925960406441
450 0.12306304364455417
451 0.11176333726929798
452 0.10631209062555669
453 0.11179098019443277
454 0.11639329344242996
455 0.1127381118682692
456 0.122615483694521
457 0.10633965981393224
458 0.12078095396486982
459 0.11169491854499125
460 0.1001374904612626
461 0.10515483662038785
462 0.1147800560974096
463 0.11904804721739252
464 0.11232040010832264
465 0.10469978405110932
466 0.11298866427936527
467 0.11479613058632192
468 0.12073481250600111
469 0.126218393780391
470 0.11656106752528346
471 0.10977982595883333
472 0.11576702049294268
473 0.12125612011224066
474 0.11207288686672867
475 0.11517640317428021
476 0.11315597462698658
477 0.11668274005902532
478 0.1313336807089948
479 0.11669085754034315
480 0.12065387614767001
481 0.10730709723939187
482 0.11536879952284956
483 0.10842591700073777
484 0.10524682682247925
485 0.09414882622964268
486 0.09517263240297269
487 0.11750239931617065
488 0.12086203484854771
489 0.11855756149058415
490 0.10903549746281975
491 0.09189941085584195
492 0.11279587241040724
493 0.10602941003542607
494 0.12453299060958438
495 0.11792313105486954
496 0.12466508766599681
497 0.12466554391033167
498 0.11228055393681949
499 0.1015500967931536
500 0.11450021650501799
501 0.09927240905777991
502 0.10653624705726376
503 0.09718445896613545
504 0.10991597743452465
505 0.11903536069497615
506 0.11937829089913828
507 0.11511284332349349
508 0.1110794820596581
509 0.12453547033977354
510 0.10263780678541551
511 0.10066809019722883
512 0.12296562535592273
513 0.1026900372219739
514 0.10161254492172407
515 0.10236172845756442
516 0.10639359150448764
517 0.12080479540346699
518 0.1062241492128416
519 0.11001318353776951
520 0.1138582040164484
521 0.114929106592807
522 0.1183743448602779
523 0.09570989565225073
524 0.11454123472396698
525 0.11146891426400544
526 0.11473338219775729
527 0.11467062705688777
528 0.11146222956219791
529 0.09541196213406276
530 0.0920175380985266
531 0.10229283451869439
532 0.1109909094779537
533 0.0877883294510612
534 0.11377695692796203
535 0.11751581936448718
536 0.11334709998705483
537 0.12201961682191374
538 0.10271039892271812
539 0.10735328098859079
540 0.11836069083403766
541 0.1133744901845593
542 0.09772878896902368
543 0.10453538142838632
544 0.11053508520590256
545 0.11536097522092775
546 0.10914177850549742
547 0.11921748896537782
548 0.11862591576207465
549 0.11611216833185047
550 0.1105634755785472
551 0.10844985470985827
552 0.10330553091513237
553 0.11806045952865706
554 0.11553152497501418
555 0.11070869078824808
556 0.11752290215512629
557 0.10930454760783345
558 0.12234694461437091
559 0.12834274870980092
560 0.10401099198282286
561 0.09863846421584438
562 0.12159169175161626
563 0.11702706255256982
564 0.12153959153206853
565 0.12136824868250246
566 0.10963171435484644
567 0.10831649348741407
568 0.11303359146651129
569 0.12614804174908317
570 0.10680784667052054
571 0.11183147768120223
572 0.11825914404320956
573 0.1107989377192389
574 0.11064493951029264
575 0.1193238608951806
576 0.11582217388052757
577 0.1074522302669292
578 0.12607745714698318
579 0.12387774338359872
580 0.12141268368546868
581 0.12219866273427636
582 0.11867833594503487
583 0.10289859003773347
584 0.1038926144451384
585 0.09416351335272413
586 0.10356093243292065
587 0.11701449117385594
588 0.11582258621907021
589 0.12160684569210078
590 0.09662569872209742
591 0.10576880179073134
592 0.11827989888394835
593 0.1121257526528617
594 0.11971740295944693
595 0.119334264353267
596 0.1257327445047661
597 0.11866234069543821
598 0.11453850458096881
599 0.10903069830872861
600 0.10437381498374582
601 0.10640433337058193
602 0.11323061896840579
603 0.09847113851005097
604 0.11619897281844253
605 0.10672578508428877
606 0.12198525429116557
607 0.11052600536140238
608 0.11586052328275044
609 0.12333343589354417
610 0.11664814778747402
611 0.11313630319714955
612 0.11016769016612066
613 0.10659219983811904
614 0.11554507194542823
615 0.10834196662933003
616 0.10817438879155758
617 0.1190412301193378
618 0.10622447485427801
619 0.11468309581971967
620 0.10471995522431447
621 0.11200175555272959
622 0.11719150966991203
623 0.1135968846416905
624 0.11356664970302441
625 0.11445882646557157
626 0.11802040352259591
627 0.11710697790650038
628 0.09919928773735276
629 0.10577580561050388
630 0.10263402422512816
631 0.10908712625996038
632 0.1067369486379953
633 0.09687748896069105
634 0.1149645522940138
635 0.1193850239871604
636 0.11291229659940402
637 0.11955242195079732
638 0.11012942382511365
639 0.10666321394669827
640 0.1158998273818124
641 0.11214256161995767
642 0.09609663974025273
643 0.09366370955618898
644 0.11231333647527646
645 0.11588536980319182
646 0.10172173721158714
647 0.1158077825026112
648 0.10859625132646931
649 0.11465045509961025
650 0.10727761318230764
651 0.0995598319486869
652 0.10308439942772936
653 0.1116950566992265
654 0.12453753353744157
655 0.10965786381541459
656 0.11730253907889526
657 0.12076977524133203
658 0.11616459337830395
659 0.11170363483995954
660 0.10543550242231374
661 0.10059518859247786
662 0.11281633906543237
663 0.11335019071685945
664 0.1081697623481768
665 0.11021741864719468
666 0.10651709826917408
667 0.1089548305285971
668 0.11036648562846871
669 0.12635576971160714
670 0.12692900617014852
671 0.11218638940036466
672 0.11299993732371545
673 0.10995093538856575
674 0.11500108773257911
675 0.11304342950281195
676 0.10608984463833439
677 0.10156971482066844
678 0.11056629340514257
679 0.11548371389255896
680 0.11994909093438703
681 0.1155014204611434
682 0.11555404330635206
683 0.1179788947890587
684 0.10602253709249312
685 0.09381745118495852
686 0.10095927527843555
687 0.11757246203496335
688 0.11316278901589465
689 0.11863952722321058
690 0.10739047547114464
691 0.10455870859354303
692 0.11424423094455709
693 0.10438608406728113
694 0.12116075160191275
695 0.12188541995670064
696 0.1260295419364593
697 0.11245398285358899
698 0.10492278759018617
699 0.11190425657689511
700 0.11452728943592021
701 0.10231095180397798
702 0.10900319276652888
703 0.10171119563600049
704 0.11656222762160477
705 0.1071156113334478
706 0.11823039404060731
707 0.11924461771552869
708 0.11776625052017543
709 0.12497343029979777
710 0.11464751041590804
711 0.10725598119495239
712 0.11717542904154815
713 0.10324659397543855
714 0.10768082868494874
715 0.09710107229221825
716 0.1083186852506327
717 0.1171353004826517
718 0.10398174223134894
719 0.1184185654122103
720 0.10965354461431275
721 0.11530411070127596
722 0.11914939645930389
723 0.0994300384866262
724 0.11921795580173185
725 0.11634322120732682
726 0.11822275724834086
727 0.11094014217973641
728 0.1043501834863518
729 0.10531281042896565
730 0.10873931729761452
731 0.09482058777905818
732 0.10657472730354244
733 0.09679886203652038
734 0.11291749568868838
735 0.11633795687673547
736 0.11168067673236802
737 0.11808900326173635
738 0.10981721545462522
739 0.1154610280224233
740 0.0992162686313279
741 0.11347817523020391
742 0.10082669452150311
743 0.08926461589959338
744 0.10826611585043305
745 0.10411181041614949
746 0.1029678951607181
747 0.12087726097629968
748 0.11428004312908786
749 0.11875729467211221
750 0.10228999770015064
751 0.10362084460747971
752 0.11566615902844726
753 0.11354742755540193
754 0.11135620678278574
755 0.11853485461620329
756 0.11271627051792404
757 0.1065106768474382
758 0.121314012777275
759 0.11970786724137039
760 0.1125212239404686
761 0.10128129620096668
762 0.1138996273304254
763 0.11524863888870726
764 0.11464546072177903
765 0.11680328029508731
766 0.1001809446255975
767 0.11331107204264564
768 0.11006210721895382
769 0.12634287246657305
770 0.11554023895530419
771 0.10879574056820254
772 0.10370123846221564
773 0.09800328168174907
774 0.11338659587807762
775 0.1123189120365125
776 0.11422472209144786
777 0.1067541947661372
778 0.11160613359941955
779 0.11968846944311394
780 0.12621112821467256
781 0.12164819890676375
782 0.11174789597595274
783 0.11287254440028571
784 0.11079548642753759
785 0.09928077315962403
786 0.09772088467745622
787 0.1177827630297664
788 0.11234607053798021
789 0.11433911961119086
790 0.10143471639237793
791 0.09892031936641815
792 0.11413783727629948
793 0.10589861023711507
794 0.10897262628582931
795 0.12070083360922639
796 0.12185144491658452
797 0.11576399338731658
798 0.11501214448129869
799 0.11018254916692008
800 0.11474111996571423
801 0.1104530182682207
802 0.11512575980587267
803 0.11218826892775341
804 0.11209703316990799
805 0.11879289305145697
806 0.10899057256800684
807 0.10773296213160961
808 0.11136795657485692
809 0.122939097153444
810 0.11814984949973731
811 0.11639429517398288
812 0.11015552584722828
813 0.1063398594487634
814 0.11496098015794372
815 0.10768073592264668
816 0.10442532619791783
817 0.1140026543491997
818 0.10213335847350485
819 0.11363843107535318
820 0.10623925042836113
821 0.11256375783415691
822 0.12322974725149446
823 0.11789180845455395
824 0.11233485634059641
825 0.11497401172344911
826 0.1147941798582503
827 0.11710464445202778
828 0.10536618165667687
829 0.10765424379494916
830 0.10161802545746133
831 0.1029541159549141
832 0.10315305980074309
833 0.1009652417021922
834 0.11068757905289511
835 0.11556735594023888
836 0.11351766011292609
837 0.11063324281972994
838 0.11429931924576041
839 0.11685144585388296
840 0.11698259615828127
841 0.11510545943032287
842 0.10625162196042456
843 0.10549530434243079
844 0.11289739316716119
845 0.11155531700850006
846 0.1078804869633025
847 0.11242303839790899
848 0.11295540174123528
849 0.12220794071414079
850 0.10655399050753075
851 0.09614307522647642
852 0.10511460184569885
853 0.10696743661847745
854 0.11185537204028743
855 0.11593104470676868
856 0.11822583040623202
857 0.11728724387002196
858 0.12175953224637157
859 0.1224909288765113
860 0.11579820028794909
861 0.1061036996482459
862 0.11891701004505383
863 0.11862308340484544
864 0.1065791791277466
865 0.11501758162400502
866 0.10416629067029709
867 0.11187593948788874
868 0.1188279758209872
869 0.12377133114224788
870 0.1267806197091884
871 0.10830137044873973
872 0.11270180350606701
873 0.10937724282086603
874 0.11699092233377897
875 0.1091409350234927
876 0.10867416246566235
877 0.10165376246515773
878 0.10190668218609429
879 0.12338254217813543
880 0.11915355814014851
881 0.10991133457691404
882 0.10635627337226361
883 0.11855028763110464
884 0.10199774104155307
885 0.08804042063114069
886 0.09651563624003515
887 0.11267322623881186
888 0.11325365730033093
889 0.11590558413867855
890 0.0978385846504246
891 0.10237453292848828
892 0.11576228436695657
893 0.10720624813401859
894 0.11653892805563373
895 0.12050685962333392
896 0.12131986631473267
897 0.10885074521118501
898 0.11114903411397647
899 0.11781396581736629
900 0.10655833812460191
901 0.10481338830894821
902 0.11215386256218293
903 0.10793430793393073
904 0.10680327495568695
905 0.11955577158917681
906 0.1093862885661358
907 0.11835653753429569
908 0.12102426113462199
909 0.124559923023424
910 0.11289361277253278
911 0.10494722230709913
912 0.12201008735131688
913 0.09588022380884853
914 0.10643575616940582
915 0.10035010183603944
916 0.09284421892854552
917 0.09763791748604594
918 0.10967905852966722
919 0.1142278325104316
920 0.10744130969485202
921 0.10943199484082648
922 0.12414683236982998
923 0.10254873357906195
924 0.11781244662239183
925 0.11427973651027465
926 0.11037369444592784
927 0.10875020995852093
928 0.10173473984040186
929 0.10243842303874644
930 0.09530891112465613
931 0.102524987926022
932 0.09836105500668205
933 0.10028840716575897
934 0.10431371618060012
935 0.11722252490300963
936 0.11589604823645007
937 0.11329251005650338
938 0.11585229846355409
939 0.10218470890198622
940 0.11174872917678869
941 0.11545082794961595
942 0.09938935791079817
943 0.09729029654820316
944 0.11333791260608632
945 0.1161486777451793
946 0.10781035642818958
947 0.11928131637733425
948 0.12405751429468738
949 0.12125562580614327
950 0.10208799203974823
951 0.11240208220568004
952 0.11753932537461445
953 0.11518921351282456
954 0.11181064702333482
955 0.11203062591328836
956 0.10928764622850715
957 0.11400450318309407
958 0.11915806344662683
959 0.12605228986417072
960 0.11463466298143672
961 0.09328127029307165
962 0.10737592890315854
963 0.12221988757795327
964 0.11797812280635207
965 0.11288463333461206
966 0.107448454445339
967 0.11916509786896916
968 0.1042195249609565
969 0.10852634087192317
970 0.11490017308582504
971 0.11523108415103135
972 0.10874189096421036
973 0.11761418874016048
974 0.10772098478116734
975 0.12453508875445629
976 0.11407047877822682
977 0.11920142450524447
978 0.11377200768357892
979 0.12086342710453275
980 0.12287211348082054
981 0.11575258125014369
982 0.11317852210296482
983 0.12156485361345334
984 0.10150772875938302
985 0.1039736464054304
986 0.11292030564117571
987 0.10845041796303995
988 0.11195880686165503
989 0.11083525491989754
990 0.09865531391833349
991 0.10049857813826062
992 0.11184086397363945
993 0.09858088227013863
994 0.11382762838396292
995 0.12106391936299694
996 0.11814270627912773
997 0.11116918389867259
998 0.11732389273748774
999 0.11101887324517103
1000 0.11959403618291253
1001 0.11424693389061108
1002 0.10513146826690471
1003 0.10656051484061656
1004 0.10886772072818285
1005 0.11223790586423775
1006 0.11348683840108517
1007 0.11116799879651527
1008 0.11411145923629099
1009 0.12210016576097212
1010 0.10841544326351943
1011 0.10550429796896527
1012 0.11390764728711847
1013 0.09011498345149849
1014 0.12414904824343122
1015 0.10712151256375652
1016 0.09957920358733095
1017 0.1110943790250338
1018 0.1080703856982876
1019 0.12182207328658255
1020 0.10961940535617669
1021 0.10686819371633695
1022 0.12317940467722055
1023 0.10974357126083227
1024 0.11260534250072365
1025 0.11930533732246013
1026 0.11020840398854098
1027 0.11645207749916758
1028 0.10817010897216475
1029 0.09910583531232185
1030 0.09390446664277391
1031 0.10085422054933113
1032 0.10562355175554439
1033 0.11135637134606997
1034 0.11596991962038053
1035 0.11490666541402883
1036 0.10618199367341422
1037 0.1162197895881902
1038 0.09965910853604654
1039 0.10406796865593224
1040 0.12044823054862361
1041 0.11629582103496629
1042 0.10636981328660917
1043 0.09522848710283813
1044 0.10956945717556829
1045 0.10940142036632529
1046 0.0991064578494372
1047 0.11908552089183151
1048 0.11137047740763079
1049 0.12896834103714147
1050 0.1189077027746368
1051 0.11027056145848096
1052 0.12240914636162929
1053 0.10701487301716466
1054 0.10895369064999752
1055 0.10012471293320006
1056 0.11893457121929088
1057 0.10388466361348876
1058 0.11868042253856285
1059 0.12654213733339034
1060 0.10784502007417976
1061 0.1039463799862873
1062 0.10440096085158304
1063 0.10974559173956552
1064 0.10775441776548232
1065 0.11842450542516621
1066 0.1085709360503667
1067 0.11383326859487572
1068 0.11818035576435634
1069 0.10398271985562245
1070 0.12230891083030371
1071 0.11249470808051104
1072 0.11838935469209495
1073 0.11076307229202959
1074 0.1227522192083051
1075 0.10826074062746091
1076 0.10740699758258969
1077 0.10373871748933919
1078 0.11499481572983893
1079 0.12361910924687879
1080 0.1259972660206734
1081 0.11346942083780542
1082 0.1057065605491063
1083 0.12121414292264955
1084 0.10340622391754638
1085 0.10112136778792655
1086 0.09769491009903818
1087 0.09761652513512802
1088 0.1034069894299897
1089 0.11704771241411199
1090 0.09912361293973215
1091 0.0959356268674627
1092 0.121621838909826
1093 0.11035134731686509
1094 0.11643124170631157
1095 0.11872982860660361
1096 0.12031758893420055
1097 0.1094829664596962
1098 0.11114225189482092
1099 0.11764348926510432
1100 0.10257375452452429
1101 0.104768419205852
1102 0.10419664060096073
1103 0.11301388255383737
1104 0.10045202019490904
1105 0.11932265822104356
1106 0.1091068505665417
1107 0.11443956198749572
1108 0.12327584187967652
1109 0.11739695563257556
1110 0.10982036289985835
1111 0.10665787675998173
1112 0.11017468167533688
1113 0.10507471520369849
1114 0.11043224702843575
1115 0.09547322367719338
1116 0.10277508020661633
1117 0.10069951750773987
1118 0.12050269520617109
1119 0.1040594519057687
1120 0.09926684786921885
1121 0.11232783836332626
1122 0.12184538602497864
1123 0.10794028375812549
1124 0.11070224994330632
1125 0.11266598775588325
1126 0.11030965408067331
1127 0.10847584561283216
1128 0.1022854638447327
1129 0.10207618522447474
1130 0.09239647062758932
1131 0.10568311663644159
1132 0.09986360814641224
1133 0.09864806254814665
1134 0.1064624106365118
1135 0.11701486003025731
1136 0.11639290508386699
1137 0.10787844145756746
1138 0.11376657219685987
1139 0.12106789566332848
1140 0.11736253485945071
1141 0.09496317541911593
1142 0.11127106731164364
1143 0.10914668440782092
1144 0.11150020820071442
1145 0.11762722297173864
1146 0.11026382123884425
1147 0.11295464439491094
1148 0.1230839761688174
1149 0.11453230439049145
1150 0.10852814100986005
1151 0.10779196898806215
1152 0.11149797965973997
1153 0.10938148068341236
1154 0.10627529549994486
1155 0.10176122251505818
1156 0.11301829410846605
1157 0.09917789800737838
1158 0.11970269592255335
1159 0.12506321113266544
1160 0.10250771060871855
1161 0.09820100273566724
1162 0.10740768903578693
1163 0.120144683630543
1164 0.11050998947774185
1165 0.11345096828811392
1166 0.11287215047050664
1167 0.11587198736026935
1168 0.11689978222942304
1169 0.11448467495026006
1170 0.12824879582492366
1171 0.11520022538724965
1172 0.10411934199812023
1173 0.11710905173513009
1174 0.10263263529541318
1175 0.11431822106108001
1176 0.1184078266584294
1177 0.10472851551834433
1178 0.11213489174991255
1179 0.11820241218180495
1180 0.12187332255048505
1181 0.11263579204701332
1182 0.11337933102866347
1183 0.11254401716374288
1184 0.10639316472774135
1185 0.11010624382464475
1186 0.1057521468562276
1187 0.09076508044057467
1188 0.10585915865671489
1189 0.11719706213132562
1190 0.10454162705942113
1191 0.10333810368067772
1192 0.11666970558967739
1193 0.09854642257052311
1194 0.11262937942838122
1195 0.11794373535704925
1196 0.11016101393425197
1197 0.11227810111088675
1198 0.1057692577207696
1199 0.09854262156611024
1200 0.11736865536486242
1201 0.11188543638735285
1202 0.10261600860532999
1203 0.10790693328973702
1204 0.09911029217403637
1205 0.11450189063614136
1206 0.11484469519471566
1207 0.10736151884826861
1208 0.1204300207516282
1209 0.12136236256770948
1210 0.11302041782912356
1211 0.10474815894998732
1212 0.1136774362563583
1213 0.10104937852827435
1214 0.11492287826812186
1215 0.1117772447178299
1216 0.10098191846943526
1217 0.10672080351438759
1218 0.11511659043116436
1219 0.11577077467858535
1220 0.11182571134905062
1221 0.11749812330957966
1222 0.12432295053074478
1223 0.1129129865402396
1224 0.11356367946852684
1225 0.12020889192048773
1226 0.1203030296349825
1227 0.12457226530903834
1228 0.10614953668827778
1229 0.09529931727209283
1230 0.10928521483360364
1231 0.10083161268932149
1232 0.10500675888973426
1233 0.0963006087763772
1234 0.12094884894961745
1235 0.10661995266325842
1236 0.113256180086888
1237 0.10299469077285217
1238 0.11401061071563039
1239 0.10314007247997892
1240 0.1153312040569375
1241 0.10548816777925452
1242 0.09942129781487108
1243 0.1015150894603017
1244 0.11122454384896521
1245 0.11181001364284762
1246 0.10758283005923405
1247 0.11511199669585169
1248 0.11862172471304852
1249 0.12579576453510088
1250 0.11055112093446212
1251 0.11611387531028881
1252 0.1141898898719362
1253 0.10482451460958012
1254 0.11175870219363217
1255 0.11032789068627478
1256 0.11901990185582793
1257 0.09675100177200884
1258 0.11578324038951412
1259 0.11761037678509721
1260 0.10360374415320384
1261 0.10883763337008667
1262 0.10522972819919114
1263 0.11745072103737873
1264 0.09479423038001132
1265 0.10608094992524263
1266 0.11810368756146095
1267 0.11354598206853879
1268 0.11005055773847706
1269 0.11541895504760484
1270 0.1225520872674967
1271 0.11384995253026377
1272 0.11339610485192897
1273 0.11369027334525311
1274 0.11716731732299943
1275 0.1079401747772016
1276 0.1204331900544294
1277 0.10885628687235027
1278 0.10966102606251993
1279 0.11389545851758728
1280 0.119276093540045
1281 0.1262472571047665
1282 0.10237861761379567
1283 0.11485642899044002
1284 0.10500848859540314
1285 0.10314868883419408
1286 0.09866792204962176
1287 0.09866889135618413
1288 0.10927639301936454
1289 0.11910330769705409
1290 0.10045377124234833
1291 0.10408242710032033
1292 0.12133956513587452
1293 0.11264162873230127
1294 0.11091475507586555
1295 0.12095832928308387
1296 0.11832275340134045
1297 0.1163820812972594
1298 0.10754303026073309
1299 0.12012246103942813
1300 0.11628578955974135
1301 0.11398632108104609
1302 0.11839309949998894
1303 0.11093568472841213
1304 0.1055475755760287
1305 0.10353949701934922
1306 0.10912536936407684
1307 0.12219606638499958
1308 0.11299360010459425
1309 0.117724991624228
1310 0.11070089837027619
1311 0.11089341384055583
1312 0.11187574540645764
1313 0.10237214997587617
1314 0.10355863147907175
1315 0.10511771863516826
1316 0.10061745232013161
1317 0.10087686080729646
1318 0.1127377583317788
1319 0.1051643742463508
1320 0.09760814967221632
1321 0.11713585838660276
1322 0.1163261672568416
1323 0.09930992231258266
1324 0.10449974829857202
1325 0.11513680648289407
1326 0.1093338383738569
1327 0.11509012178579299
1328 0.1160239929732834
1329 0.10679130700883528
1330 0.09885816077720898
1331 0.1057976059056191
1332 0.10404925839273364
1333 0.1019499719465724
1334 0.10635426932463322
1335 0.11709955550671122
1336 0.11597476971843887
1337 0.10224668806870918
1338 0.11019323375667754
1339 0.12202217427771299
1340 0.1127014686712912
1341 0.09900407033181209
1342 0.10602056102293204
1343 0.08980038811322343
1344 0.10979951035357746
1345 0.11732518465356587
1346 0.10631461983430848
1347 0.11241623351783332
1348 0.12450418546296159
1349 0.1192367205063702
1350 0.10408903858720144
1351 0.11293934587663557
1352 0.10848548001609923
1353 0.10923966744358744
1354 0.10623614003432358
1355 0.10568089621640525
1356 0.10651291185177965
1357 0.1158356072838911
1358 0.11354482416718538
1359 0.11868023860258785
1360 0.10970979182392103
1361 0.10896505871761553
1362 0.11089607824339284
1363 0.1213748494327552
1364 0.09743541488007124
1365 0.119796114124513
1366 0.11775343834282909
1367 0.11263606801819216
1368 0.11730487414657202
1369 0.12548016182804747
1370 0.10941276774204123
1371 0.10911296038447765
1372 0.10802397247560887
1373 0.1144130173293717
1374 0.1136356045407894
1375 0.10780609390590108
1376 0.12275581370595931
1377 0.11461925403333649
1378 0.11867097541172947
1379 0.11698619022147863
1380 0.1088178679460454
1381 0.11064711444838389
1382 0.12045992946391502
1383 0.11101651253600445
1384 0.10058604669401698
1385 0.11027660950677202
1386 0.11705450963313468
1387 0.09236732140021837
1388 0.10957334722203269
1389 0.11536538442692464
1390 0.1075635200274561
1391 0.11371941569464046
1392 0.10049694933242526
1393 0.11589394332177423
1394 0.11209092149900854
1395 0.11726680308072032
1396 0.1145783150010571
1397 0.11751773063318399
1398 0.10732062967145417
1399 0.10261029910006172
1400 0.10978085810827251
1401 0.11309461268388143
1402 0.10075011982136864
1403 0.10325683240393757
1404 0.11138406668125547
1405 0.11271859246690666
1406 0.10857165395537421
1407 0.11234211712271525
1408 0.1116522487848492
1409 0.11625697713577188
1410 0.11414529614621007
1411 0.10286737578922985
1412 0.1061771284981233
1413 0.08949291233603533
1414 0.11192653114920388
1415 0.1049941019241519
1416 0.09236997521901646
1417 0.11877441685829006
1418 0.1144064047975197
1419 0.11310696088662765
1420 0.10373424196645681
1421 0.11227116117068744
1422 0.11620344074205526
1423 0.11042763477033374
1424 0.09965119967832319
1425 0.11434293419670069
1426 0.11107432347990114
1427 0.11749221549768944
1428 0.11725140116651987
1429 0.10250016915638258
1430 0.10869940886151322
1431 0.11710677643984445
1432 0.10612234688665803
1433 0.09804011747338856
1434 0.10583650755520004
1435 0.11429289017466611
1436 0.125627021942941
1437 0.0991528436400898
1438 0.1108898143557193
1439 0.10805197504048558
1440 0.11166831618163257
1441 0.10424571039064762
1442 0.10325472706494086
1443 0.09712073165794236
1444 0.10631926176686055
1445 0.10564676395726573
1446 0.10364716511252377
1447 0.11650460219974822
1448 0.10285359618107405
1449 0.11402322058865261
1450 0.11104724886007501
1451 0.10589240242783261
1452 0.10877501111943738
1453 0.10826979027366918
1454 0.10998323363287726
1455 0.11209330379244858
1456 0.11244028819112734
1457 0.09566643083480841
1458 0.11549703330146716
1459 0.11412208703779265
1460 0.10701055106508264
1461 0.11763518671887162
1462 0.10688272766410137
1463 0.12301701767772148
1464 0.09787377610848348
1465 0.11104044560961436
1466 0.12312646452834972
1467 0.12031049239007276
1468 0.11833726443928438
1469 0.11705819725753155
1470 0.13337156677548556
1471 0.1135714322058212
1472 0.10688040958842183
1473 0.12131473741020068
1474 0.12140736660943073
1475 0.11130874581845565
1476 0.12253454455543644
1477 0.10827178114470362
1478 0.1052511343437922
1479 0.11436445125951274
1480 0.1202194419606872
1481 0.11289513066791954
1482 0.10861220046132881
1483 0.11772101030202667
1484 0.10774754422514977
1485 0.10795206627314509
1486 0.09767705235576472
1487 0.10701644291018012
1488 0.10824753653591937
1489 0.11694800002715011
1490 0.10033993057136921
1491 0.1082038679072322
1492 0.1074529031326601
1493 0.11898816420118684
1494 0.11396536059642572
1495 0.11626573176844457
1496 0.11551500048778736
1497 0.11296443586560402
1498 0.11012920989089062
1499 0.10384885968478089
1500 0.1027221998772371
1501 0.1038234013233024
1502 0.11005281117898591
1503 0.10968216842438527
1504 0.10394706180841956
1505 0.10161642888135408
1506 0.11733882950725225
1507 0.12019303175119746
1508 0.11240220777639623
1509 0.1153648474131575
1510 0.11271286469492935
1511 0.1084122766064627
1512 0.10688029066548065
1513 0.11283249981721973
1514 0.11536576120739667
1515 0.10643640647623451
1516 0.11763265900832856
1517 0.1101178968308925
1518 0.11014655905191317
1519 0.09405680678623632
1520 0.11106923267984244
1521 0.11044665099308615
1522 0.11734482758505285
1523 0.10971470251748737
1524 0.09794721182719181
1525 0.1170325706773904
1526 0.09808987381097188
1527 0.11135161478147625
1528 0.10811847768556522
1529 0.10166897847706456
1530 0.11094321909511712
1531 0.1055887322388666
1532 0.10706246463576785
1533 0.09741696028053598
1534 0.09972770632048718
1535 0.09929863561404778
1536 0.11278143150440888
1537 0.10023862514180348
1538 0.1156310138793295
1539 0.1180092937349996
1540 0.11367022458110278
1541 0.10285378927521503
1542 0.11178093444116496
1543 0.11284692529097322
1544 0.10710590351855792
1545 0.11872380766220514
1546 0.10888028478971136
1547 0.11550089682586087
1548 0.11838554777904396
1549 0.10850803609320578
1550 0.1152272329365763
1551 0.11452533101126185
1552 0.10810593115378532
1553 0.11505810054783638
1554 0.11550570280670001
1555 0.11945245613339411
1556 0.12008372567787963
1557 0.08657082787474883
1558 0.103220987646648
1559 0.12160268471405296
1560 0.10997381815621594
1561 0.10855826137709115
1562 0.1147444423852925
1563 0.12509352211088987
1564 0.11256750142236678
1565 0.11729521125775987
1566 0.11006233129169278
1567 0.11394973560811139
1568 0.11123913443305285
1569 0.11605963130045308
1570 0.11359772628120722
1571 0.10881760255255223
1572 0.1010695510818365
1573 0.09032527833980475
1574 0.12330569243910688
1575 0.10020792746187174
1576 0.11855746196868033
1577 0.11975237493451577
1578 0.10820369589251587
1579 0.11312867424443966
1580 0.1121781033047721
1581 0.1128275397012213
1582 0.11203519616336237
1583 0.10856088242729395
1584 0.09589198426430227
1585 0.11618448870141591
1586 0.1033420774854567
1587 0.09863889086458087
1588 0.10208153851576923
1589 0.116198698320311
1590 0.1140063507322105
1591 0.10016813343252148
1592 0.10702256799035186
1593 0.11329800650785965
1594 0.11510439030703917
1595 0.11134256182342209
1596 0.11937699376431786
1597 0.1222961159329986
1598 0.11047490655089386
1599 0.1254635100115203
1600 0.1035531672930099
1601 0.11340936982342469
1602 0.10646193174372008
1603 0.10442501497244777
1604 0.10824376394227876
1605 0.09831666527506484
1606 0.11431214050030993
1607 0.1121674606403347
1608 0.11287348842729149
1609 0.11100175234879657
1610 0.12169868165749667
1611 0.10049561624323279
1612 0.1013566229823776
1613 0.0986482514234774
1614 0.11647494415661674
1615 0.09666885480572958
1616 0.11201528901324724
1617 0.10332399497244364
1618 0.10690822560024826
1619 0.10116512992196205
1620 0.11048991786158914
1621 0.11452577762795407
1622 0.120740542288516
1623 0.11243543267198482
1624 0.09394667701094613
1625 0.12006193083417721
1626 0.103036646515076
1627 0.11903894691069461
1628 0.10723602583267619
1629 0.10939529144870624
1630 0.11411536027475368
1631 0.11143628731352827
1632 0.09839568057643136
1633 0.11447094947236673
1634 0.10479883666697226
1635 0.11136443771732846
1636 0.12894599037061732
1637 0.09683970972810442
1638 0.11086253000300726
1639 0.11473855543825212
1640 0.11126641054640733
1641 0.10644416528433727
1642 0.098157703320304
1643 0.10489001382383231
1644 0.11446982103148617
1645 0.11286831531058217
1646 0.11132386825931803
1647 0.11736657046838424
1648 0.10557954972058817
1649 0.11210950450694271
1650 0.1092803709704436
1651 0.11397906303156241
1652 0.11037461696985992
1653 0.10678869278698176
1654 0.11553172196405281
1655 0.11710094937404901
1656 0.11377357149866581
1657 0.10681549781644332
1658 0.0998806952550049
1659 0.11144378279228262
1660 0.11240239422321847
1661 0.11818986301838512
1662 0.10663348417777747
1663 0.12359136293547573
1664 0.09945841193853229
1665 0.10797177484408393
1666 0.11025401733044868
1667 0.11366907355073395
1668 0.10385745449064536
1669 0.11018571295283167
1670 0.1166915289494774
1671 0.11337286008918837
1672 0.11130788862492205
1673 0.116444246603764
1674 0.1324948103262752
1675 0.10721794122422673
1676 0.11336857628710549
1677 0.12492548809565869
1678 0.10324905271377434
1679 0.11128030592566437
1680 0.12352645363371346
1681 0.12083041060648848
1682 0.1102794473704938
1683 0.12157375843276538
1684 0.10535208914133665
1685 0.11438976349108977
1686 0.091601770855208
1687 0.10404029074590723
1688 0.1200296263997012
1689 0.11702964767429332
1690 0.11222205804065304
1691 0.11684063848623753
1692 0.11642233434132779
1693 0.11942749681978859
1694 0.11138306300047145
1695 0.11079437080779586
1696 0.11361348684148471
1697 0.11399565925348994
1698 0.11644811270322196
1699 0.10776448614417064
1700 0.10558775613620265
1701 0.1115530337131778
1702 0.10950299205700813
1703 0.10846269121163898
1704 0.09852321817960234
1705 0.08917821457547126
1706 0.1170471952154709
1707 0.12588431858089133
1708 0.12058880873127925
1709 0.10882193503763586
1710 0.11109139971486248
1711 0.10253120554777435
1712 0.10010204853666892
1713 0.11240682399012311
1714 0.10170620749808915
1715 0.10204736551594774
1716 0.11467007472565531
1717 0.0982470623870977
1718 0.1045391756143631
1719 0.09198385555062082
1720 0.11537516020672436
1721 0.11300834926439243
1722 0.11211602282207558
1723 0.11821448363155694
1724 0.09270359718564268
1725 0.1149276407304074
1726 0.09972120924113913
1727 0.11837059902259961
1728 0.10096299343461124
1729 0.10006707809024365
1730 0.10922689846524729
1731 0.09717944558000038
1732 0.10943591326048115
1733 0.0969130746116621
1734 0.11728769480096192
1735 0.10192521027608706
1736 0.11240970225322833
1737 0.1071768620322367
1738 0.11674771422923598
1739 0.1151224001356995
1740 0.11084919864339939
1741 0.11652189643348014
1742 0.11148995734235985
1743 0.09740109968706366
1744 0.11183454689308474
1745 0.12813125186699625
1746 0.10383935570812856
1747 0.10496352878624347
1748 0.11854989808881294
1749 0.10257419870204017
1750 0.11347854736482739
1751 0.12141871462908464
1752 0.1192502192042813
1753 0.11555479681388905
1754 0.11569391705497621
1755 0.12055348373405578
1756 0.11679459486345944
1757 0.10726047119848241
1758 0.10146608916780138
1759 0.12819355399297822
1760 0.11074171805361777
1761 0.09886614260940454
1762 0.10784155080566933
1763 0.12348622083933283
1764 0.12236950494581286
1765 0.10768418630491375
1766 0.11620258304631562
1767 0.11492186476818607
1768 0.11901966164475669
1769 0.1135299307959477
1770 0.11783566259721603
1771 0.11480561712071058
1772 0.12218160227910294
1773 0.10742439065850311
1774 0.11244930376282584
1775 0.10256577630737908
1776 0.11681177312037623
1777 0.11509160111739511
1778 0.1041641463810597
1779 0.1090423721712929
1780 0.11338963012745598
1781 0.11386296392500932
1782 0.10895644724997194
1783 0.11466871459946996
1784 0.09667061896213823
1785 0.117011985930639
1786 0.09799765504578109
1787 0.1008062627944622
1788 0.10960203113140136
1789 0.1206280810494905
1790 0.10668377512338
1791 0.11270812851463546
1792 0.12079238694024398
1793 0.11576053258467484
1794 0.11622589547364245
1795 0.11949948774494681
1796 0.11676629135678011
1797 0.11956373602306279
1798 0.12161163338642247
1799 0.11515310249095534
1800 0.10380327491439953
1801 0.1187125452246425
1802 0.11231014161538454
1803 0.10717023856487173
1804 0.1089317025487534
1805 0.10179198693956139
1806 0.11364392288957646
1807 0.12051964397162418
1808 0.11944109445029989
1809 0.11088443023301099
1810 0.1148927359466698
1811 0.10770000624847703
1812 0.10707135781982129
1813 0.10032102505674322
1814 0.11222403726888489
1815 0.10623131778206511
1816 0.10396924422521908
1817 0.09603195291894769
1818 0.11817787808434412
1819 0.09682919826177298
1820 0.10570365734064995
1821 0.11663407457410407
1822 0.11854065727078256
1823 0.11795267044850384
1824 0.10760707148326348
1825 0.12236381669379474
1826 0.10427146692831192
1827 0.12195126902132558
1828 0.09797003277132252
1829 0.11483537314043646
1830 0.11642113570692675
1831 0.10013632058690443
1832 0.11297982371463264
1833 0.1160443746219307
1834 0.10838387126063354
1835 0.10897378881260668
1836 0.1278128134297938
1837 0.09121894203417029
1838 0.1129471801315066
1839 0.09487485604311274
1840 0.11755056773281622
1841 0.12008926750103
1842 0.10822420394108448
1843 0.10950965753612475
1844 0.11621578482823577
1845 0.11862134010433244
1846 0.11107868542020223
1847 0.10830850211377963
1848 0.1018489508360214
1849 0.11798849080236964
1850 0.11353837442979921
1851 0.1147974837705377
1852 0.10451494171893211
1853 0.12102780786375182
1854 0.10477768071965325
1855 0.1204193501052816
1856 0.11152368810367798
1857 0.10630901401425566
1858 0.11141756795392663
1859 0.10982271497951374
1860 0.11628206749755836
1861 0.10901641343475542
1862 0.11130035434889668
1863 0.11910576441261142
1864 0.11372893119725759
1865 0.10353794180061196
1866 0.11675905512451146
1867 0.11989677188735479
1868 0.09792848994934743
1869 0.11700901613153113
1870 0.1315978216421695
1871 0.10739224961411595
1872 0.12417669297365691
1873 0.10835633882124299
1874 0.11632385921085059
1875 0.11015595094144769
1876 0.1165975563317877
1877 0.12051426185625475
1878 0.10770472323582202
1879 0.10941382180642034
1880 0.11768569123325
1881 0.11732654379250969
1882 0.10337711947254205
1883 0.12649861108504185
1884 0.10180374793273748
1885 0.11596175256713159
1886 0.09894128673852662
1887 0.11520517268735218
1888 0.1245416487596069
1889 0.11859923220563957
1890 0.11772833108340947
1891 0.11501021169827483
1892 0.11579990647229467
1893 0.11990738641679052
1894 0.11215242373833638
1895 0.11169042074793442
1896 0.1104646694297034
1897 0.12079486002002363
1898 0.12196597320347694
1899 0.11418242025998074
1900 0.10290670642109258
1901 0.11208739681098882
1902 0.11319300551570768
1903 0.1115151329559197
1904 0.10404922693541696
1905 0.1041478845521775
1906 0.11510099152765015
1907 0.12414176251041431
1908 0.11796385696379935
1909 0.11466221021460399
1910 0.11270311591956171
1911 0.11526881285965146
1912 0.1072197316426812
1913 0.11001847148474245
1914 0.11286613664712933
1915 0.10493497822610719
1916 0.10921473444755395
1917 0.11013514059609102
1918 0.102959790224526
1919 0.09876944650840608
1920 0.10823262773706584
1921 0.11304397546950133
1922 0.11283894891415616
1923 0.11769802017870365
1924 0.1123875640112869
1925 0.1198971142847573
1926 0.09806802686630103
1927 0.12267864311524203
1928 0.1053537510299635
1929 0.11455865090803037
1930 0.11682059338635456
1931 0.103632602047559
1932 0.10889576471859268
1933 0.0984194467877532
1934 0.1164980178855157
1935 0.1075016077202336
1936 0.11562114360874397
1937 0.1031698211935399
1938 0.12175292134994659
1939 0.1154264218905039
1940 0.1203910558258909
1941 0.11131693226960378
1942 0.11949581831609822
1943 0.10211751463813733
1944 0.1191276873857772
1945 0.11630078504732878
1946 0.1157915261551252
1947 0.11130911847230651
1948 0.11380815595310595
1949 0.10279935206615401
1950 0.10168630446465789
1951 0.11834793734051205
1952 0.11672769441852794
1953 0.11738526747409467
1954 0.09428693314077183
1955 0.11331790822741707
1956 0.11647362809168163
1957 0.1173848392123529
1958 0.11203111623665549
1959 0.1208931971931684
1960 0.11268056252251882
1961 0.103790049252101
1962 0.10931089130896827
1963 0.11637795172757884
1964 0.11351319406384501
1965 0.11258287954357772
1966 0.12156102193895807
1967 0.10681948180467907
1968 0.11168379175652608
1969 0.10677536097812954
1970 0.11584397521150355
1971 0.11397985577348833
1972 0.11714436927652856
1973 0.11324628720407497
1974 0.12134391561578572
1975 0.09802838494765836
1976 0.11848519784322908
1977 0.11200238850415371
1978 0.11254568181571163
1979 0.1196307590738663
1980 0.11391093964258439
1981 0.1149785913520402
1982 0.10286626023481475
1983 0.11678806369564573
1984 0.12170347018562559
1985 0.11470635991889667
1986 0.09543231081801093
1987 0.1069303070467305
1988 0.11749971809907005
1989 0.11859203848920025
1990 0.10753441497671766
1991 0.10716299955212148
1992 0.11273273515923052
1993 0.1186207474219672
1994 0.11608408594930333
1995 0.12140846233637927
1996 0.11083609188704084
1997 0.11742962008909498
1998 0.1130282076581413
1999 0.11630987040115026
2000 0.10191490129383614
2001 0.11181351873768666
2002 0.1074539388710119
2003 0.10393699153343654
2004 0.1042845819301444
2005 0.10551816757243739
2006 0.11371969963486611
2007 0.12149377007287472
2008 0.12094627493761206
2009 0.11352531886118729
2010 0.11483156638934094
2011 0.11810955400694166
2012 0.1026382375470554
2013 0.10563344299985758
2014 0.10755976495617113
2015 0.10922476148257754
2016 0.10584626529241366
2017 0.10679547052846787
2018 0.11119208730767388
2019 0.1095440163347547
2020 0.10603337584650897
2021 0.10312705674343561
2022 0.11605523914255204
2023 0.10241388488968427
2024 0.10098525600243069
2025 0.1111674422640822
2026 0.11033132431712221
2027 0.12159442272273459
2028 0.10902321749982041
2029 0.10983649474748586
2030 0.12211417678006398
2031 0.08867900330740444
2032 0.11123487990996474
2033 0.10602740327287391
2034 0.10753872221883365
2035 0.1178179831411081
2036 0.11251243463001351
2037 0.10667035645041789
2038 0.11533764878844241
2039 0.10380714804841369
2040 0.10765994661884325
2041 0.11202836535972006
2042 0.11454637076707061
2043 0.10462664089241253
2044 0.12275680361437392
2045 0.11674950412362417
2046 0.10446678913881079
2047 0.11304598939768803
2048 0.11822492112828513
2049 0.11748377619695893
2050 0.10906265669101502
2051 0.1143960175707336
2052 0.10229846308809487
2053 0.12491959818676657
2054 0.10667231279204895
2055 0.11530504509244831
2056 0.12256369630666239
2057 0.11517136679443886
2058 0.11776463529489462
2059 0.10841828678788376
2060 0.12256699121909795
2061 0.10574369268054473
2062 0.12300341999466197
2063 0.11404151267713974
2064 0.11314940253760422
2065 0.12047363735942102
2066 0.11553799193382443
2067 0.11197735524802224
2068 0.11131469321512903
2069 0.1216513024011014
2070 0.11768541139832048
2071 0.11584800895628515
2072 0.11580879651822633
2073 0.11275863813170647
2074 0.10851329064490661
2075 0.10448646635956453
2076 0.116920829813709
2077 0.11190265605203459
2078 0.10762836321281218
2079 0.11554632918398747
2080 0.11218343200867631
2081 0.11191153745203483
2082 0.09989465293182644
2083 0.11999534903671141
2084 0.11085509947784526
2085 0.11640008901045595
2086 0.09133663666500874
2087 0.11042818102487288
2088 0.12154980950911717
2089 0.11647704807333097
2090 0.11875056712969205
2091 0.11271825447342264
2092 0.10958181804981383
2093 0.11458777685906327
2094 0.11773972939817808
2095 0.1119730099820168
2096 0.11941023666870598
2097 0.1205522771108684
2098 0.11459740673211247
2099 0.10060527588130397
2100 0.10977084589555075
2101 0.11122988652559887
2102 0.11119822685229838
2103 0.09995677254865591
2104 0.11584263950820672
2105 0.10603623796091756
2106 0.10886148669700584
2107 0.116907652833461
2108 0.11416623271787371
2109 0.1107414453370805
2110 0.11223600576838237
2111 0.10845457880016363
2112 0.12005657450196507
2113 0.10761240504477039
2114 0.12208558494377456
2115 0.10432844387970612
2116 0.09869815283578923
2117 0.10428890246723058
2118 0.10469353156480744
2119 0.08523674538845565
2120 0.111535931646884
2121 0.10321330304437995
2122 0.11473650621323152
2123 0.10315913388018261
2124 0.11929931467309661
2125 0.11791581527564046
2126 0.10305163883226005
2127 0.11934050681621707
2128 0.0981297116015179
2129 0.10904965416300832
2130 0.10860041408047667
2131 0.10162699741791023
2132 0.11056977476846322
2133 0.10160517402703262
2134 0.12299998421391842
2135 0.10410669889720417
2136 0.10801220208239876
2137 0.10514530926100574
2138 0.12010377307212278
2139 0.10756245928756936
2140 0.11412495344368374
2141 0.11370937912832184
2142 0.12060279662784155
2143 0.10569731822094598
2144 0.11412497554092912
2145 0.11423796844992049
2146 0.11855963826836259
2147 0.11331526743070368
2148 0.10773483628047775
2149 0.1066048702928984
2150 0.1144482893403769
2151 0.10810774124871848
2152 0.09951777782748107
2153 0.11517619902874165
2154 0.11393206856417341
2155 0.11983469231638609
2156 0.11618740777099393
2157 0.10647089596259425
2158 0.1122979584123507
2159 0.12549213434707218
2160 0.10492385167359186
2161 0.10419473722531793
2162 0.11056041215710424
2163 0.11377191459116444
2164 0.11933074596363147
2165 0.10888140012794777
2166 0.12375565522363229
2167 0.11603237805354526
2168 0.11811960346913052
2169 0.1202350857917746
2170 0.11805176403656455
2171 0.1008707898699875
2172 0.11322129740677674
2173 0.0991284418405139
2174 0.11741005073210979
2175 0.10593896139541809
2176 0.11242269371267578
2177 0.11022553142296793
2178 0.1208791088582685
2179 0.12431575943798832
2180 0.11380632668934587
2181 0.12119118396400552
2182 0.11032243558526499
2183 0.11445563833677402
2184 0.11328173010931418
2185 0.09998473229379179
2186 0.10230059395988979
2187 0.11096924185787309
2188 0.110848080031384
2189 0.12390318831944315
2190 0.1111398280065792
2191 0.11610881375011742
2192 0.11168981067303223
2193 0.12043809603560465
2194 0.11430714595864658
2195 0.12147746486196094
2196 0.12039811549395121
2197 0.12262944764134114
2198 0.11545525263319067
2199 0.1138286460806481
2200 0.10865852811589452
2201 0.10364697265750304
2202 0.10750137179052265
2203 0.1104093163063738
2204 0.10542107739720567
2205 0.09970939294052164
2206 0.11299925929191539
2207 0.11865546331945229
2208 0.11103716965623622
2209 0.11036279355454891
2210 0.10783565847238563
2211 0.11073299565904149
2212 0.11043721465185519
2213 0.10304839742347123
2214 0.11102978176305339
2215 0.10860048594002022
2216 0.09104735934827482
2217 0.10118582500593508
2218 0.11406613119125002
2219 0.10141182069114378
2220 0.10486256906986618
2221 0.10741894156828369
2222 0.12275779733833223
2223 0.09713588920266732
2224 0.10959534397286956
2225 0.10265791366286757
2226 0.10736554364116642
2227 0.12459413058227586
2228 0.10974641513730049
2229 0.10718797696275413
2230 0.11419347227621006
2231 0.09929758101804037
2232 0.10730166311406499
2233 0.1145569405274495
2234 0.11363388262282938
2235 0.11652072544942531
2236 0.11772444748444078
2237 0.10948131888106867
2238 0.10771174764522846
2239 0.1115917075865831
2240 0.10198594648562656
2241 0.114839542347681
2242 0.11486330649462248
2243 0.10056086119846999
2244 0.11797710060957635
2245 0.11323009824530075
2246 0.1232020920212163
2247 0.10597449244708011
2248 0.11030346063572741
2249 0.10646893114969529
2250 0.11248836657982411
2251 0.11605085846566267
2252 0.10462382611944665
2253 0.1176423793224861
2254 0.11299681443768174
2255 0.11331686176589592
2256 0.12386946447553304
2257 0.10098323170954114
2258 0.12096996370226411
2259 0.10780507782126261
2260 0.11414120981589655
2261 0.12158595487927512
2262 0.11273025576865144
2263 0.11474948672734708
2264 0.10923052419365188
2265 0.11071008265755701
2266 0.11503352221312377
2267 0.11128105138534619
2268 0.11058318174577755
2269 0.12203010874947644
2270 0.1232899727200848
2271 0.1236734098285241
2272 0.10881913041884901
2273 0.10358788023081412
2274 0.10693532639050277
2275 0.10752929887087642
2276 0.10992528514125914
2277 0.10111833502183505
2278 0.10851600723152804
2279 0.1101481063712158
2280 0.11569312576915852
2281 0.12198867682775905
2282 0.10455325265064085
2283 0.11567133529575732
2284 0.11439037890828317
2285 0.0965780152386527
2286 0.09678095754799462
2287 0.1106071590264396
2288 0.11069214862152447
2289 0.11548134931304405
2290 0.11969046960798238
2291 0.10190248703118228
2292 0.11358691790240463
2293 0.12084615776817455
2294 0.12077298777220041
2295 0.11291549854915614
2296 0.1190462624322818
2297 0.11567162444095871
2298 0.11174480567245132
2299 0.10203246890157136
2300 0.10284248435363194
2301 0.11424919087868211
2302 0.11649601410575983
2303 0.11331959038487173
2304 0.1117710693396659
2305 0.10572405912703357
2306 0.11464893995867236
2307 0.12334030859699373
2308 0.10713557704551846
2309 0.11081971791844646
2310 0.10694533183096717
2311 0.11128780587248241
2312 0.10906880482581413
2313 0.11745894654565486
2314 0.11748433290524722
2315 0.11152694941408695
2316 0.11017085007927353
2317 0.11407696972928939
2318 0.1032406316306513
2319 0.09188580405145108
2320 0.10951593128105883
2321 0.10530550159582781
2322 0.1142162336663427
2323 0.10347136344129129
2324 0.11465817953779603
2325 0.11506235568074293
2326 0.1105742500176374
2327 0.11877568773809637
2328 0.11458468788169611
2329 0.11508471058826344
2330 0.12246443667784855
2331 0.09397372042203754
2332 0.11481297192577161
2333 0.11006465120327917
2334 0.11608249112974477
2335 0.11013190962939165
2336 0.1131355783742333
2337 0.10682294823258368
2338 0.12336968289781615
2339 0.10648528197395982
2340 0.1006579097037886
2341 0.11719249723472666
2342 0.12184023413003206
2343 0.0990309741600569
2344 0.11770529103285374
2345 0.12056737717586392
2346 0.12243085743255208
2347 0.11197482059232002
2348 0.11300088381530761
2349 0.10978145486714974
2350 0.10529918690217041
2351 0.11719476046696023
2352 0.10446585543976765
2353 0.10746576501998974
2354 0.10774921996500221
2355 0.10661794151764982
2356 0.11914245977561919
2357 0.11211818417072045
2358 0.1078892570999427
2359 0.1149735746371366
2360 0.10920076712324978
2361 0.10591961830025942
2362 0.10742645677367607
2363 0.11978808751346363
2364 0.10912137789261639
2365 0.11457261937345879
2366 0.12429433793879614
2367 0.10132968907800588
2368 0.10507239228752165
2369 0.12100486175022698
2370 0.12185169191829347
2371 0.10810614340224409
2372 0.12241109225773722
2373 0.11231858314128712
2374 0.12212700125300398
2375 0.10938584585082375
2376 0.10382297037354951
2377 0.12121573740667779
2378 0.11949594922472313
2379 0.11403981321142152
2380 0.11640763575840182
2381 0.11718967566468687
2382 0.10807291205506682
2383 0.11325914605741516
2384 0.11882278057850996
2385 0.10889404200633732
2386 0.10585409438174768
2387 0.1075408060075748
2388 0.1111593976171472
2389 0.12707951330861283
2390 0.11478646916748111
2391 0.10616753356347701
2392 0.11405621695016477
2393 0.12228815424657732
2394 0.11709663330041896
2395 0.12208490476138309
2396 0.11293371892019712
2397 0.12152187458847032
2398 0.1139018417102936
2399 0.11301305710219689
2400 0.1072753278053257
2401 0.1187626168256881
2402 0.10776573529755674
2403 0.10274809773360596
2404 0.11695809184699177
2405 0.10721132271173846
2406 0.11297451534066572
2407 0.1155515057667816
2408 0.10211164004469873
2409 0.10746447995893238
2410 0.10762878927104735
2411 0.11303389268994059
2412 0.08941985563452713
2413 0.09904251172492698
2414 0.1112703946323153
2415 0.11633180613598981
2416 0.10509594314560629
2417 0.11067701973531281
2418 0.11425833121457799
2419 0.09433937961384094
2420 0.10350498941410091
2421 0.11844546316311934
2422 0.11387384926060191
2423 0.10832614131403537
2424 0.10096358324542899
2425 0.10245264400227298
2426 0.11895354898243575
2427 0.11826482934955743
2428 0.11125795652271442
2429 0.11406448590425755
2430 0.1190342394869221
2431 0.08584987990571195
2432 0.12163627003711559
2433 0.11211469254311646
2434 0.10974028464786728
2435 0.11393302359406557
2436 0.11850160240603615
2437 0.1195364310007237
2438 0.10759157133866354
2439 0.11247060991070412
2440 0.09424052418909004
2441 0.09658369210257053
2442 0.12105438816201518
2443 0.1014131966197207
2444 0.1186240231683004
2445 0.11178272565210905
2446 0.11795270384370472
2447 0.10632217281656331
2448 0.11814707419895344
2449 0.10730371650714797
2450 0.119908087142618
2451 0.10857124830608218
2452 0.09170386540114707
2453 0.11905910047562866
2454 0.1170597153650959
2455 0.10616851782298194
2456 0.11988075735327997
2457 0.10788782958125712
2458 0.11927601100396099
2459 0.12006525770366007
2460 0.11248528930173467
2461 0.10994329738435582
2462 0.11458328542927666
2463 0.11424811683172699
2464 0.11416561630950056
2465 0.10994777459350527
2466 0.11409417533734391
2467 0.10766638639079755
2468 0.1078721266262694
2469 0.11942634930865867
2470 0.11917883533510085
2471 0.11735264991587531
2472 0.10581234421329459
2473 0.11600325958122983
2474 0.09866274133888137
2475 0.11320518155060512
2476 0.12064839518830812
2477 0.11108053955793892
2478 0.1088539878495101
2479 0.11353320791387408
2480 0.11651475201117761
2481 0.11288215771725962
2482 0.12202361252135913
2483 0.1172896076748574
2484 0.1060709355848622
2485 0.1066970599248307
2486 0.10466308227997383
2487 0.10304971073540989
2488 0.11063401739186272
2489 0.11393910970961009
2490 0.11784021855315732
2491 0.10968858217385576
2492 0.10494710374487382
2493 0.12249531584634835
2494 0.10761465912452722
2495 0.11854141885841632
2496 0.12295521115290825
2497 0.11914672618899835
2498 0.10980171320503782
2499 0.11291722325463115
2500 0.09849673690797314
