0 0.0
1 0.20999999999999996
2 0.13
3 0.08999999999999997
4 0.14
5 0.16000000000000003
6 0.12
7 0.06999999999999995
8 0.07999999999999996
9 0.040000000000000036
10 0.07999999999999996
11 0.050000000000000044
12 0.050000000000000044
13 0.040000000000000036
14 0.040000000000000036
15 0.07999999999999996
16 0.06999999999999995
17 0.06000000000000005
18 0.050000000000000044
19 0.040000000000000036
20 0.050000000000000044
21 0.040000000000000036
22 0.040000000000000036
23 0.08999999999999997
24 0.14
25 0.06999999999999995
26 0.10999999999999999
27 0.06000000000000005
28 0.08999999999999997
29 0.09999999999999998
30 0.10999999999999999
31 0.09999999999999998
32 0.14
33 0.12
34 0.12
35 0.12
36 0.13
37 0.12
38 0.020000000000000018
39 0.06999999999999995
40 0.18999999999999995
41 0.13
42 0.16000000000000003
43 0.16000000000000003
44 0.18000000000000005
45 0.20999999999999996
46 0.18999999999999995
47 0.18000000000000005
48 0.13
49 0.15000000000000002
50 0.18999999999999995
51 0.21999999999999997
52 0.20999999999999996
53 0.27
54 0.26
55 0.27
56 0.26
57 0.31999999999999995
58 0.32999999999999996
59 0.37
60 0.38
61 0.43000000000000005
62 0.47
63 0.4
64 0.43999999999999995
65 0.39
66 0.39
67 0.38
68 0.4
69 0.43000000000000005
70 0.43999999999999995
71 0.44999999999999996
72 0.41000000000000003
73 0.4
74 0.47
75 0.5
76 0.53
77 0.5
78 0.42000000000000004
79 0.5
80 0.43999999999999995
81 0.52
82 0.51
83 0.5800000000000001
84 0.52
85 0.5800000000000001
86 0.5900000000000001
87 0.63
88 0.62
89 0.65
90 0.6599999999999999
91 0.56
92 0.6
93 0.6699999999999999
94 0.7
95 0.64
96 0.6699999999999999
97 0.65
98 0.62
99 0.71
100 0.77
101 0.6699999999999999
102 0.69
103 0.74
104 0.72
105 0.72
106 0.7
107 0.77
108 0.85
109 0.8
110 0.71
111 0.6699999999999999
112 0.77
113 0.69
114 0.73
115 0.78
116 0.77
117 0.79
118 0.83
119 0.74
120 0.6799999999999999
121 0.6699999999999999
122 0.71
123 0.74
124 0.79
125 0.73
126 0.76
127 0.76
128 0.8200000000000001
129 0.73
130 0.75
131 0.77
132 0.8
133 0.8200000000000001
134 0.85
135 0.81
136 0.84
137 0.8200000000000001
138 0.8200000000000001
139 0.79
140 0.73
141 0.74
142 0.76
143 0.8200000000000001
144 0.84
145 0.86
146 0.92
147 0.84
148 0.81
149 0.8200000000000001
150 0.84
151 0.84
152 0.85
153 0.89
154 0.88
155 0.88
156 0.84
157 0.8200000000000001
158 0.84
159 0.83
160 0.84
161 0.81
162 0.87
163 0.9
164 0.89
165 0.89
166 0.88
167 0.83
168 0.88
169 0.87
170 0.9
171 0.88
172 0.89
173 0.9299999999999999
174 0.87
175 0.87
176 0.84
177 0.83
178 0.8
179 0.92
180 0.85
181 0.84
182 0.8200000000000001
183 0.87
184 0.87
185 0.9
186 0.94
187 0.89
188 0.87
189 0.91
190 0.92
191 0.96
192 0.92
193 0.87
194 0.86
195 0.89
196 0.91
197 0.89
198 0.91
199 0.91
200 0.91
201 0.92
202 0.87
203 0.87
204 0.91
205 0.91
206 0.9
207 0.92
208 0.9299999999999999
209 0.9
210 0.87
211 0.91
212 0.9
213 0.9299999999999999
214 0.9
215 0.92
216 0.89
217 0.92
218 0.89
219 0.9299999999999999
220 0.88
221 0.91
222 0.92
223 0.94
224 0.88
225 0.91
226 0.9299999999999999
227 0.87
228 0.9
229 0.96
230 0.96
231 0.97
232 0.95
233 0.9299999999999999
234 0.9
235 0.85
236 0.87
237 0.9
238 0.88
239 0.89
240 0.92
241 0.94
242 0.95
243 0.92
244 0.96
245 0.89
246 0.9299999999999999
247 0.95
248 0.99
249 0.9
250 0.9299999999999999
251 0.94
252 0.97
253 0.96
254 0.97
255 0.94
256 0.98
257 0.97
258 0.94
259 0.98
260 0.95
261 0.92
262 0.95
263 0.92
264 0.95
265 0.94
266 0.96
267 0.96
268 0.98
269 0.99
270 0.94
271 0.96
272 0.97
273 0.97
274 0.98
275 0.97
276 0.96
277 0.92
278 0.96
279 0.98
280 0.97
281 0.96
282 0.94
283 0.95
284 0.97
285 0.99
286 0.96
287 0.92
288 0.96
289 0.95
290 0.97
291 0.95
292 0.96
293 0.97
294 0.96
295 0.98
296 0.98
297 0.96
298 0.97
299 0.95
300 0.96
301 0.95
302 0.99
303 0.96
304 0.95
305 0.96
306 0.99
307 0.98
308 0.96
309 0.9299999999999999
310 0.97
311 0.97
312 0.98
313 0.95
314 0.96
315 0.97
316 0.97
317 0.96
318 1.0
319 0.96
320 0.97
321 0.97
322 0.95
323 0.97
324 0.97
325 0.99
326 1.0
327 0.99
328 1.0
329 0.98
330 0.98
331 0.95
332 0.98
333 0.99
334 1.0
335 0.97
336 1.0
337 1.0
338 1.0
339 0.97
340 0.98
341 0.99
342 0.98
343 0.98
344 0.97
345 0.98
346 0.98
347 0.96
348 0.98
349 0.99
350 0.98
351 0.99
352 0.97
353 0.97
354 0.94
355 0.9299999999999999
356 0.96
357 0.99
358 0.97
359 0.95
360 0.99
361 0.98
362 0.96
363 0.95
364 0.99
365 0.98
366 0.98
367 0.98
368 0.97
369 0.96
370 0.99
371 0.96
372 0.97
373 0.98
374 0.98
375 0.99
376 0.98
377 0.99
378 0.99
379 0.98
380 0.98
381 0.97
382 0.97
383 0.98
384 0.99
385 1.0
386 0.98
387 0.99
388 0.98
389 1.0
390 0.97
391 0.96
392 0.97
393 0.98
394 1.0
395 0.99
396 0.98
397 0.97
398 0.99
399 0.99
400 0.98
401 1.0
402 0.99
403 0.97
404 0.99
405 0.99
406 0.99
407 1.0
408 0.98
409 0.98
410 0.99
411 0.98
412 0.99
413 0.98
414 0.99
415 1.0
416 1.0
417 0.99
418 0.97
419 0.97
420 0.99
421 0.98
422 0.98
423 0.98
424 0.98
425 0.99
426 0.98
427 0.99
428 0.98
429 0.99
430 1.0
431 0.99
432 0.98
433 0.99
434 1.0
435 1.0
436 0.99
437 0.99
438 1.0
439 0.99
440 1.0
441 1.0
442 0.98
443 0.98
444 0.98
445 0.99
446 0.99
447 1.0
448 0.99
449 0.99
450 1.0
451 0.99
452 1.0
453 1.0
454 0.96
455 0.99
456 1.0
457 0.97
458 0.99
459 1.0
460 0.99
461 0.99
462 0.99
463 1.0
464 0.99
465 1.0
466 0.98
467 1.0
468 0.99
469 0.98
470 0.99
471 0.99
472 0.99
473 0.99
474 0.99
475 1.0
476 0.97
477 0.99
478 0.99
479 0.98
480 0.98
481 0.99
482 0.97
483 0.98
484 0.96
485 0.96
486 0.99
487 0.99
488 1.0
489 0.97
490 0.98
491 0.99
492 1.0
493 0.99
494 0.99
495 0.99
496 0.98
497 0.98
498 0.98
499 0.98
500 0.99
501 0.99
502 0.97
503 0.99
504 1.0
505 0.98
506 0.98
507 0.99
508 0.97
509 1.0
510 0.99
511 0.99
512 0.99
513 0.99
514 0.98
515 1.0
516 1.0
517 0.99
518 0.99
519 0.98
520 0.99
521 0.98
522 0.97
523 1.0
524 0.99
525 0.99
526 0.98
527 0.99
528 0.99
529 0.99
530 0.99
531 0.98
532 0.99
533 0.99
534 0.97
535 0.97
536 1.0
537 0.99
538 0.99
539 1.0
540 0.99
541 1.0
542 0.99
543 0.99
544 0.97
545 0.98
546 0.99
547 0.99
548 0.98
549 0.99
550 0.98
551 0.99
552 0.99
553 0.96
554 0.99
555 0.98
556 0.96
557 1.0
558 0.99
559 1.0
560 0.99
561 0.99
562 0.98
563 0.98
564 0.98
565 1.0
566 0.98
567 1.0
568 0.97
569 0.99
570 0.99
571 0.98
572 0.99
573 0.99
574 0.99
575 0.98
576 0.98
577 0.99
578 0.98
579 0.99
580 1.0
581 0.99
582 0.97
583 1.0
584 1.0
585 1.0
586 0.99
587 0.98
588 0.98
589 0.99
590 0.98
591 1.0
592 0.98
593 1.0
594 0.98
595 0.98
596 1.0
597 1.0
598 0.99
599 1.0
600 0.99
601 0.99
602 1.0
603 1.0
604 1.0
605 0.98
606 1.0
607 0.98
608 0.99
609 1.0
610 0.99
611 0.99
612 1.0
613 0.99
614 0.99
615 0.98
616 0.99
617 0.99
618 0.99
619 1.0
620 0.99
621 0.98
622 0.98
623 1.0
624 0.99
625 0.99
626 1.0
627 0.99
628 1.0
629 1.0
630 1.0
631 0.97
632 0.98
633 0.96
634 0.96
635 0.99
636 0.99
637 0.98
638 0.97
639 0.97
640 0.98
641 1.0
642 1.0
643 0.99
644 0.98
645 0.95
646 0.99
647 1.0
648 0.98
649 0.97
650 0.98
651 0.97
652 0.97
653 0.99
654 0.99
655 1.0
656 0.99
657 0.98
658 1.0
659 0.99
660 0.97
661 0.98
662 0.98
663 0.99
664 0.98
665 1.0
666 0.99
667 1.0
668 0.99
669 0.99
670 1.0
671 0.97
672 0.97
673 1.0
674 1.0
675 1.0
676 0.98
677 1.0
678 1.0
679 1.0
680 1.0
681 1.0
682 0.97
683 0.98
684 1.0
685 0.99
686 1.0
687 0.99
688 0.99
689 0.99
690 0.98
691 0.98
692 0.97
693 0.99
694 1.0
695 1.0
696 1.0
697 1.0
698 0.98
699 0.99
700 0.97
701 0.98
702 0.97
703 0.97
704 0.97
705 0.98
706 0.98
707 1.0
708 0.99
709 1.0
710 1.0
711 0.99
712 0.97
713 0.98
714 1.0
715 0.99
716 0.98
717 0.99
718 0.99
719 0.99
720 0.99
721 1.0
722 0.99
723 0.99
724 0.98
725 1.0
726 1.0
727 0.97
728 0.97
729 0.96
730 0.99
731 1.0
732 0.99
733 0.97
734 1.0
735 1.0
736 0.99
737 0.98
738 1.0
739 0.99
740 0.99
741 1.0
742 0.99
743 0.99
744 0.98
745 0.99
746 1.0
747 1.0
748 1.0
749 1.0
750 0.98
751 0.99
752 1.0
753 0.99
754 0.98
755 0.99
756 1.0
757 0.99
758 0.99
759 0.98
760 1.0
761 1.0
762 0.99
763 0.98
764 0.99
765 1.0
766 0.99
767 0.98
768 0.97
769 1.0
770 0.99
771 0.99
772 1.0
773 0.98
774 0.97
775 0.98
776 1.0
777 0.98
778 1.0
779 0.99
780 0.99
781 0.98
782 0.97
783 0.97
784 0.98
785 1.0
786 0.98
787 0.99
788 0.97
789 1.0
790 0.99
791 1.0
792 0.99
793 0.99
794 0.98
795 1.0
796 0.98
797 1.0
798 0.99
799 0.98
800 0.98
801 0.98
802 0.98
803 1.0
804 1.0
805 1.0
806 0.99
807 1.0
808 0.99
809 1.0
810 0.99
811 1.0
812 1.0
813 1.0
814 0.99
815 0.99
816 0.99
817 0.99
818 0.99
819 0.99
820 0.99
821 1.0
822 0.97
823 0.99
824 1.0
825 1.0
826 1.0
827 1.0
828 0.99
829 1.0
830 0.99
831 0.97
832 1.0
833 1.0
834 1.0
835 1.0
836 1.0
837 0.98
838 0.99
839 0.99
840 0.99
841 0.99
842 0.99
843 1.0
844 0.99
845 1.0
846 1.0
847 1.0
848 0.98
849 1.0
850 1.0
851 1.0
852 0.98
853 0.99
854 0.99
855 1.0
856 1.0
857 0.99
858 0.99
859 1.0
860 0.98
861 1.0
862 1.0
863 1.0
864 0.99
865 0.98
866 1.0
867 1.0
868 0.98
869 0.98
870 0.99
871 0.98
872 1.0
873 1.0
874 1.0
875 1.0
876 0.98
877 0.99
878 0.99
879 0.99
880 0.99
881 0.99
882 0.99
883 1.0
884 0.99
885 0.99
886 0.98
887 0.98
888 1.0
889 0.99
890 1.0
891 1.0
892 1.0
893 0.98
894 1.0
895 1.0
896 0.99
897 0.98
898 0.98
899 1.0
900 1.0
901 1.0
902 1.0
903 1.0
904 0.99
905 0.99
906 0.99
907 0.99
908 1.0
909 1.0
910 0.99
911 1.0
912 0.99
913 1.0
914 1.0
915 1.0
916 0.99
917 1.0
918 1.0
919 0.99
920 0.99
921 1.0
922 1.0
923 0.99
924 0.98
925 0.99
926 0.99
927 0.99
928 1.0
929 0.99
930 0.99
931 1.0
932 1.0
933 0.99
934 0.99
935 0.99
936 1.0
937 1.0
938 0.99
939 1.0
940 1.0
941 0.99
942 1.0
943 1.0
944 1.0
945 0.98
946 1.0
947 1.0
948 0.99
949 0.99
950 0.99
951 0.99
952 0.99
953 0.98
954 1.0
955 1.0
956 1.0
957 0.98
958 1.0
959 1.0
960 1.0
961 1.0
962 0.99
963 0.99
964 1.0
965 0.99
966 0.98
967 0.98
968 1.0
969 1.0
970 1.0
971 0.99
972 0.99
973 0.98
974 0.99
975 1.0
976 0.99
977 0.99
978 1.0
979 1.0
980 1.0
981 1.0
982 1.0
983 0.99
984 0.99
985 0.99
986 0.99
987 1.0
988 1.0
989 1.0
990 1.0
991 1.0
992 1.0
993 1.0
994 1.0
995 0.99
996 1.0
997 0.99
998 0.98
999 0.99
1000 1.0
1001 1.0
1002 1.0
1003 0.99
1004 0.99
1005 0.99
1006 1.0
1007 0.97
1008 0.97
1009 1.0
1010 1.0
1011 0.99
1012 0.99
1013 1.0
1014 0.99
1015 1.0
1016 1.0
1017 0.99
1018 0.99
1019 1.0
1020 1.0
1021 1.0
1022 0.99
1023 0.98
1024 0.99
1025 1.0
1026 1.0
1027 1.0
1028 0.99
1029 0.98
1030 0.99
1031 0.99
1032 1.0
1033 1.0
1034 0.98
1035 1.0
1036 1.0
1037 0.99
1038 0.99
1039 0.99
1040 0.99
1041 1.0
1042 0.98
1043 0.99
1044 1.0
1045 1.0
1046 1.0
1047 1.0
1048 0.99
1049 0.98
1050 0.99
1051 1.0
1052 0.98
1053 0.99
1054 1.0
1055 1.0
1056 1.0
1057 0.99
1058 1.0
1059 0.99
1060 1.0
1061 1.0
1062 0.99
1063 1.0
1064 0.98
1065 0.99
1066 1.0
1067 0.99
1068 0.99
1069 0.99
1070 1.0
1071 0.98
1072 0.99
1073 0.98
1074 0.99
1075 0.99
1076 0.99
1077 0.98
1078 1.0
1079 0.99
1080 0.98
1081 0.99
1082 1.0
1083 1.0
1084 0.99
1085 0.98
1086 0.99
1087 0.99
1088 0.99
1089 0.99
1090 1.0
1091 0.99
1092 1.0
1093 0.99
1094 0.98
1095 1.0
1096 1.0
1097 1.0
1098 1.0
1099 1.0
1100 0.99
1101 1.0
1102 1.0
1103 1.0
1104 1.0
1105 1.0
1106 1.0
1107 1.0
1108 1.0
1109 1.0
1110 1.0
1111 1.0
1112 0.99
1113 0.99
1114 1.0
1115 1.0
1116 0.99
1117 1.0
1118 1.0
1119 0.98
1120 0.99
1121 0.99
1122 0.99
1123 0.99
1124 1.0
1125 1.0
1126 1.0
1127 1.0
1128 1.0
1129 1.0
1130 1.0
1131 1.0
1132 1.0
1133 0.99
1134 1.0
1135 0.99
1136 0.99
1137 0.99
1138 1.0
1139 1.0
1140 0.99
1141 0.99
1142 1.0
1143 1.0
1144 1.0
1145 1.0
1146 1.0
1147 0.99
1148 0.98
1149 1.0
1150 1.0
1151 0.99
1152 0.98
1153 0.99
1154 0.98
1155 1.0
1156 1.0
1157 0.99
1158 0.99
1159 1.0
1160 1.0
1161 1.0
1162 1.0
1163 1.0
1164 1.0
1165 1.0
1166 0.99
1167 1.0
1168 1.0
1169 0.99
1170 1.0
1171 1.0
1172 1.0
1173 1.0
1174 1.0
1175 1.0
1176 0.99
1177 0.99
1178 1.0
1179 1.0
1180 0.99
1181 1.0
1182 0.99
1183 0.99
1184 1.0
1185 1.0
1186 0.98
1187 1.0
1188 0.99
1189 0.98
1190 0.99
1191 1.0
1192 0.99
1193 1.0
1194 1.0
1195 1.0
1196 0.99
1197 0.99
1198 1.0
1199 1.0
1200 0.99
1201 0.99
1202 1.0
1203 1.0
1204 1.0
1205 1.0
1206 0.98
1207 0.98
1208 0.98
1209 1.0
1210 1.0
1211 1.0
1212 1.0
1213 0.99
1214 1.0
1215 1.0
1216 0.99
1217 1.0
1218 0.99
1219 0.99
1220 1.0
1221 1.0
1222 1.0
1223 0.98
1224 1.0
1225 0.99
1226 0.99
1227 1.0
1228 1.0
1229 0.99
1230 1.0
1231 1.0
1232 0.99
1233 0.99
1234 1.0
1235 1.0
1236 0.99
1237 1.0
1238 0.99
1239 1.0
1240 1.0
1241 0.99
1242 1.0
1243 1.0
1244 0.99
1245 0.98
1246 0.98
1247 1.0
1248 1.0
1249 1.0
1250 0.99
1251 0.98
1252 0.99
1253 0.99
1254 1.0
1255 1.0
1256 1.0
1257 0.99
1258 0.99
1259 1.0
1260 1.0
1261 0.99
1262 0.99
1263 0.98
1264 0.99
1265 0.99
1266 1.0
1267 0.99
1268 1.0
1269 0.99
1270 1.0
1271 1.0
1272 0.97
1273 0.97
1274 1.0
1275 1.0
1276 1.0
1277 0.99
1278 0.99
1279 0.98
1280 1.0
1281 1.0
1282 1.0
1283 0.99
1284 0.99
1285 1.0
1286 1.0
1287 0.98
1288 0.99
1289 0.99
1290 1.0
1291 0.99
1292 0.99
1293 0.98
1294 1.0
1295 1.0
1296 1.0
1297 0.97
1298 1.0
1299 0.99
1300 1.0
1301 0.99
1302 1.0
1303 1.0
1304 1.0
1305 0.98
1306 1.0
1307 1.0
1308 0.99
1309 1.0
1310 1.0
1311 0.98
1312 0.98
1313 1.0
1314 1.0
1315 0.99
1316 0.99
1317 0.99
1318 0.99
1319 1.0
1320 1.0
1321 0.99
1322 1.0
1323 0.99
1324 0.99
1325 0.99
1326 0.99
1327 1.0
1328 1.0
1329 0.99
1330 0.98
1331 0.98
1332 1.0
1333 1.0
1334 1.0
1335 1.0
1336 1.0
1337 0.99
1338 0.99
1339 1.0
1340 1.0
1341 0.98
1342 0.99
1343 1.0
1344 1.0
1345 1.0
1346 1.0
1347 1.0
1348 1.0
1349 1.0
1350 0.99
1351 1.0
1352 1.0
1353 0.99
1354 1.0
1355 0.99
1356 1.0
1357 0.99
1358 0.99
1359 0.99
1360 1.0
1361 1.0
1362 1.0
1363 1.0
1364 0.99
1365 0.97
1366 1.0
1367 0.98
1368 0.98
1369 0.99
1370 1.0
1371 1.0
1372 0.99
1373 0.99
1374 0.99
1375 0.99
1376 1.0
1377 1.0
1378 0.99
1379 0.98
1380 1.0
1381 0.98
1382 0.99
1383 1.0
1384 0.99
1385 1.0
1386 1.0
1387 1.0
1388 1.0
1389 0.98
1390 1.0
1391 0.99
1392 1.0
1393 0.99
1394 1.0
1395 1.0
1396 1.0
1397 0.99
1398 1.0
1399 1.0
1400 1.0
1401 1.0
1402 1.0
1403 0.99
1404 1.0
1405 0.99
1406 0.99
1407 0.99
1408 0.99
1409 1.0
1410 1.0
1411 1.0
1412 1.0
1413 0.99
1414 0.99
1415 0.99
1416 1.0
1417 1.0
1418 0.99
1419 1.0
1420 1.0
1421 0.99
1422 1.0
1423 1.0
1424 1.0
1425 0.99
1426 1.0
1427 0.99
1428 1.0
1429 0.99
1430 1.0
1431 1.0
1432 1.0
1433 1.0
1434 1.0
1435 0.99
1436 0.99
1437 1.0
1438 1.0
1439 1.0
1440 0.99
1441 0.99
1442 1.0
1443 0.99
1444 1.0
1445 1.0
1446 0.99
1447 1.0
1448 1.0
1449 1.0
1450 1.0
1451 0.99
1452 0.99
1453 0.99
1454 1.0
1455 0.99
1456 1.0
1457 1.0
1458 1.0
1459 0.99
1460 1.0
1461 1.0
1462 1.0
1463 0.98
1464 0.99
1465 0.99
1466 1.0
1467 1.0
1468 0.99
1469 0.99
1470 1.0
1471 1.0
1472 1.0
1473 0.97
1474 1.0
1475 1.0
1476 1.0
1477 0.98
1478 1.0
1479 1.0
1480 1.0
1481 0.99
1482 0.99
1483 1.0
1484 1.0
1485 0.99
1486 0.99
1487 0.99
1488 1.0
1489 0.99
1490 1.0
1491 0.99
1492 1.0
1493 0.99
1494 1.0
1495 0.99
1496 0.99
1497 1.0
1498 1.0
1499 0.99
1500 1.0
1501 1.0
1502 1.0
1503 0.99
1504 0.99
1505 0.99
1506 0.98
1507 0.99
1508 0.99
1509 0.99
1510 0.98
1511 0.98
1512 0.99
1513 0.99
1514 1.0
1515 1.0
1516 1.0
1517 1.0
1518 1.0
1519 0.99
1520 0.99
1521 1.0
1522 0.99
1523 1.0
1524 1.0
1525 0.99
1526 0.99
1527 0.99
1528 1.0
1529 0.99
1530 0.99
1531 1.0
1532 1.0
1533 1.0
1534 1.0
1535 1.0
1536 0.99
1537 1.0
1538 1.0
1539 0.99
1540 0.99
1541 0.99
1542 0.99
1543 1.0
1544 0.99
1545 0.97
1546 0.98
1547 1.0
1548 1.0
1549 1.0
1550 1.0
1551 1.0
1552 0.99
1553 1.0
1554 1.0
1555 1.0
1556 1.0
1557 0.99
1558 1.0
1559 1.0
1560 1.0
1561 1.0
1562 1.0
1563 0.98
1564 1.0
1565 1.0
1566 1.0
1567 0.98
1568 0.99
1569 0.99
1570 0.98
1571 1.0
1572 1.0
1573 1.0
1574 0.99
1575 0.98
1576 0.99
1577 1.0
1578 1.0
1579 0.99
1580 0.99
1581 1.0
1582 1.0
1583 1.0
1584 0.98
1585 0.99
1586 1.0
1587 0.99
1588 1.0
1589 0.99
1590 1.0
1591 0.99
1592 0.99
1593 0.99
1594 0.99
1595 1.0
1596 1.0
1597 1.0
1598 1.0
1599 1.0
1600 1.0
1601 1.0
1602 0.98
1603 0.97
1604 1.0
1605 1.0
1606 1.0
1607 0.99
1608 0.99
1609 1.0
1610 1.0
1611 1.0
1612 1.0
1613 0.98
1614 0.98
1615 1.0
1616 1.0
1617 1.0
1618 1.0
1619 1.0
1620 0.99
1621 0.99
1622 1.0
1623 1.0
1624 1.0
1625 0.98
1626 0.99
1627 1.0
1628 0.99
1629 0.99
1630 1.0
1631 1.0
1632 0.99
1633 0.99
1634 0.99
1635 1.0
1636 1.0
1637 1.0
1638 0.99
1639 0.99
1640 0.98
1641 1.0
1642 1.0
1643 1.0
1644 1.0
1645 0.99
1646 1.0
1647 0.99
1648 0.98
1649 0.99
1650 1.0
1651 1.0
1652 1.0
1653 1.0
1654 1.0
1655 1.0
1656 1.0
1657 1.0
1658 1.0
1659 0.99
1660 1.0
1661 1.0
1662 0.99
1663 1.0
1664 1.0
1665 1.0
1666 1.0
1667 0.99
1668 1.0
1669 0.99
1670 1.0
1671 1.0
1672 1.0
1673 0.99
1674 0.99
1675 0.98
1676 1.0
1677 1.0
1678 0.99
1679 0.99
1680 0.99
1681 1.0
1682 1.0
1683 0.99
1684 0.99
1685 0.99
1686 0.98
1687 1.0
1688 1.0
1689 0.99
1690 0.99
1691 1.0
1692 0.99
1693 0.99
1694 0.99
1695 0.99
1696 1.0
1697 0.99
1698 0.99
1699 1.0
1700 1.0
1701 1.0
1702 0.99
1703 0.98
1704 1.0
1705 1.0
1706 1.0
1707 0.99
1708 0.99
1709 0.99
1710 1.0
1711 0.99
1712 1.0
1713 1.0
1714 0.99
1715 0.98
1716 0.99
1717 0.99
1718 1.0
1719 0.99
1720 0.99
1721 1.0
1722 1.0
1723 0.99
1724 1.0
1725 0.99
1726 1.0
1727 1.0
1728 1.0
1729 0.98
1730 1.0
1731 1.0
1732 1.0
1733 0.99
1734 0.99
1735 1.0
1736 1.0
1737 1.0
1738 1.0
1739 0.98
1740 1.0
1741 0.99
1742 0.99
1743 0.99
1744 0.99
1745 1.0
1746 0.99
1747 0.99
1748 1.0
1749 1.0
1750 0.99
1751 1.0
1752 0.99
1753 0.99
1754 0.99
1755 0.99
1756 0.99
1757 1.0
1758 1.0
1759 0.98
1760 0.99
1761 1.0
1762 0.99
1763 1.0
1764 1.0
1765 0.99
1766 1.0
1767 1.0
1768 1.0
1769 0.99
1770 1.0
1771 1.0
1772 0.99
1773 0.99
1774 0.99
1775 1.0
1776 1.0
1777 0.99
1778 0.98
1779 1.0
1780 0.99
1781 0.98
1782 0.98
1783 0.98
1784 1.0
1785 1.0
1786 1.0
1787 1.0
1788 1.0
1789 0.99
1790 0.99
1791 1.0
1792 1.0
1793 0.99
1794 1.0
1795 1.0
1796 1.0
1797 0.99
1798 1.0
1799 1.0
1800 1.0
1801 1.0
1802 1.0
1803 0.99
1804 0.99
1805 1.0
1806 1.0
1807 0.99
1808 0.99
1809 0.99
1810 1.0
1811 1.0
1812 1.0
1813 0.99
1814 1.0
1815 0.99
1816 1.0
1817 1.0
1818 1.0
1819 0.98
1820 0.99
1821 0.99
1822 1.0
1823 1.0
1824 1.0
1825 1.0
1826 1.0
1827 1.0
1828 1.0
1829 1.0
1830 1.0
1831 1.0
1832 1.0
1833 1.0
1834 1.0
1835 1.0
1836 1.0
1837 0.99
1838 1.0
1839 1.0
1840 1.0
1841 0.99
1842 0.98
1843 0.99
1844 0.99
1845 0.99
1846 1.0
1847 0.99
1848 1.0
1849 1.0
1850 0.99
1851 1.0
1852 0.99
1853 0.99
1854 1.0
1855 1.0
1856 1.0
1857 1.0
1858 1.0
1859 0.99
1860 1.0
1861 1.0
1862 0.99
1863 1.0
1864 1.0
1865 0.98
1866 1.0
1867 0.99
1868 0.98
1869 0.98
1870 1.0
1871 1.0
1872 1.0
1873 1.0
1874 0.99
1875 0.98
1876 1.0
1877 0.99
1878 0.98
1879 1.0
1880 1.0
1881 0.99
1882 1.0
1883 1.0
1884 0.99
1885 1.0
1886 1.0
1887 1.0
1888 1.0
1889 1.0
1890 1.0
1891 1.0
1892 1.0
1893 0.99
1894 1.0
1895 0.99
1896 1.0
1897 1.0
1898 1.0
1899 1.0
1900 1.0
1901 0.98
1902 0.99
1903 1.0
1904 1.0
1905 0.99
1906 1.0
1907 1.0
1908 1.0
1909 1.0
1910 1.0
1911 1.0
1912 1.0
1913 0.99
1914 1.0
1915 1.0
1916 1.0
1917 0.99
1918 0.99
1919 0.99
1920 1.0
1921 1.0
1922 1.0
1923 1.0
1924 1.0
1925 1.0
1926 0.99
1927 0.99
1928 1.0
1929 1.0
1930 1.0
1931 1.0
1932 0.99
1933 0.98
1934 0.99
1935 1.0
1936 1.0
1937 1.0
1938 1.0
1939 0.99
1940 1.0
1941 1.0
1942 0.99
1943 1.0
1944 0.99
1945 1.0
1946 1.0
1947 0.99
1948 1.0
1949 1.0
1950 0.96
1951 1.0
1952 1.0
1953 0.99
1954 0.99
1955 1.0
1956 1.0
1957 1.0
1958 1.0
1959 0.99
1960 0.98
1961 1.0
1962 1.0
1963 0.98
1964 0.99
1965 1.0
1966 1.0
1967 1.0
1968 1.0
1969 1.0
1970 1.0
1971 1.0
1972 1.0
1973 1.0
1974 0.99
1975 0.99
1976 0.99
1977 0.98
1978 0.99
1979 1.0
1980 1.0
1981 0.99
1982 0.99
1983 0.99
1984 1.0
1985 0.98
1986 0.99
1987 1.0
1988 1.0
1989 0.98
1990 1.0
1991 1.0
1992 1.0
1993 0.99
1994 1.0
1995 0.99
1996 1.0
1997 1.0
1998 1.0
1999 0.99
2000 0.99
2001 1.0
2002 1.0
2003 0.99
2004 1.0
2005 0.98
2006 1.0
2007 1.0
2008 1.0
2009 1.0
2010 1.0
2011 0.99
2012 1.0
2013 0.99
2014 1.0
2015 0.99
2016 1.0
2017 0.99
2018 0.99
2019 0.99
2020 0.99
2021 0.99
2022 0.99
2023 1.0
2024 1.0
2025 0.99
2026 1.0
2027 1.0
2028 1.0
2029 0.98
2030 1.0
2031 0.99
2032 1.0
2033 0.99
2034 1.0
2035 0.99
2036 1.0
2037 1.0
2038 1.0
2039 0.99
2040 1.0
2041 1.0
2042 1.0
2043 1.0
2044 1.0
2045 1.0
2046 1.0
2047 1.0
2048 1.0
2049 1.0
2050 1.0
2051 1.0
2052 1.0
2053 1.0
2054 1.0
2055 0.99
2056 1.0
2057 0.97
2058 0.99
2059 0.99
2060 1.0
2061 0.98
2062 0.99
2063 1.0
2064 1.0
2065 0.99
2066 1.0
2067 0.99
2068 0.99
2069 0.97
2070 0.99
2071 0.98
2072 0.99
2073 1.0
2074 0.99
2075 0.98
2076 1.0
2077 1.0
2078 0.99
2079 0.99
2080 1.0
2081 1.0
2082 1.0
2083 0.97
2084 1.0
2085 1.0
2086 1.0
2087 0.98
2088 1.0
2089 0.99
2090 1.0
2091 1.0
2092 1.0
2093 0.99
2094 0.99
2095 1.0
2096 1.0
2097 1.0
2098 1.0
2099 1.0
2100 0.99
2101 0.97
2102 0.99
2103 0.99
2104 1.0
2105 1.0
2106 0.99
2107 0.98
2108 0.99
2109 1.0
2110 1.0
2111 1.0
2112 1.0
2113 0.99
2114 0.99
2115 0.99
2116 0.99
2117 1.0
2118 1.0
2119 0.97
2120 0.99
2121 1.0
2122 0.99
2123 0.98
2124 0.99
2125 1.0
2126 1.0
2127 0.98
2128 0.99
2129 0.99
2130 0.98
2131 0.99
2132 1.0
2133 0.99
2134 1.0
2135 1.0
2136 1.0
2137 1.0
2138 1.0
2139 1.0
2140 1.0
2141 1.0
2142 1.0
2143 1.0
2144 1.0
2145 1.0
2146 1.0
2147 1.0
2148 0.99
2149 1.0
2150 1.0
2151 1.0
2152 1.0
2153 0.99
2154 1.0
2155 0.99
2156 1.0
2157 1.0
2158 1.0
2159 0.99
2160 1.0
2161 1.0
2162 1.0
2163 0.99
2164 1.0
2165 0.99
2166 1.0
2167 1.0
2168 1.0
2169 0.99
2170 0.99
2171 1.0
2172 1.0
2173 1.0
2174 1.0
2175 1.0
2176 0.99
2177 1.0
2178 1.0
2179 1.0
2180 0.99
2181 0.99
2182 1.0
2183 0.99
2184 0.99
2185 0.99
2186 1.0
2187 1.0
2188 1.0
2189 0.98
2190 0.99
2191 1.0
2192 1.0
2193 0.99
2194 1.0
2195 1.0
2196 1.0
2197 1.0
2198 0.99
2199 0.99
2200 1.0
2201 1.0
2202 1.0
2203 0.98
2204 0.99
2205 1.0
2206 1.0
2207 0.99
2208 0.99
2209 0.99
2210 1.0
2211 0.99
2212 0.99
2213 0.99
2214 0.99
2215 1.0
2216 0.99
2217 0.99
2218 1.0
2219 1.0
2220 0.99
2221 1.0
2222 1.0
2223 1.0
2224 0.99
2225 0.99
2226 0.99
2227 0.99
2228 0.99
2229 1.0
2230 1.0
2231 1.0
2232 1.0
2233 1.0
2234 1.0
2235 1.0
2236 1.0
2237 1.0
2238 1.0
2239 1.0
2240 0.99
2241 0.99
2242 1.0
2243 1.0
2244 1.0
2245 0.98
2246 1.0
2247 1.0
2248 0.98
2249 0.99
2250 1.0
2251 0.98
2252 0.99
2253 1.0
2254 1.0
2255 1.0
2256 1.0
2257 1.0
2258 1.0
2259 0.99
2260 0.98
2261 0.99
2262 1.0
2263 0.99
2264 1.0
2265 0.99
2266 1.0
2267 1.0
2268 1.0
2269 0.99
2270 1.0
2271 0.98
2272 0.99
2273 1.0
2274 1.0
2275 1.0
2276 1.0
2277 0.99
2278 1.0
2279 0.99
2280 0.98
2281 0.98
2282 1.0
2283 1.0
2284 1.0
2285 0.99
2286 1.0
2287 1.0
2288 0.99
2289 0.99
2290 1.0
2291 0.99
2292 1.0
2293 0.99
2294 1.0
2295 1.0
2296 0.98
2297 1.0
2298 1.0
2299 1.0
2300 1.0
2301 1.0
2302 1.0
2303 0.99
2304 1.0
2305 0.99
2306 0.99
2307 1.0
2308 0.99
2309 0.99
2310 0.99
2311 0.99
2312 1.0
2313 1.0
2314 0.99
2315 0.98
2316 0.99
2317 0.99
2318 0.99
2319 0.99
2320 0.99
2321 0.99
2322 0.99
2323 0.98
2324 0.98
2325 0.98
2326 1.0
2327 1.0
2328 1.0
2329 0.99
2330 0.99
2331 0.98
2332 0.98
2333 0.96
2334 0.99
2335 1.0
2336 0.99
2337 0.99
2338 1.0
2339 1.0
2340 0.99
2341 0.98
2342 1.0
2343 0.95
2344 1.0
2345 1.0
2346 1.0
2347 0.97
2348 1.0
2349 0.98
2350 0.99
2351 0.99
2352 1.0
2353 0.98
2354 1.0
2355 0.97
2356 0.99
2357 0.98
2358 0.99
2359 1.0
2360 1.0
2361 0.98
2362 1.0
2363 0.99
2364 0.99
2365 0.98
2366 1.0
2367 0.99
2368 1.0
2369 0.98
2370 0.98
2371 0.99
2372 1.0
2373 0.99
2374 1.0
2375 0.97
2376 0.97
2377 0.99
2378 1.0
2379 0.99
2380 0.99
2381 0.99
2382 1.0
2383 0.98
2384 1.0
2385 0.99
2386 0.97
2387 0.99
2388 0.99
2389 0.98
2390 0.99
2391 0.98
2392 1.0
2393 1.0
2394 1.0
2395 0.98
2396 1.0
2397 0.99
2398 0.99
2399 0.99
2400 0.99
2401 0.98
2402 0.99
2403 0.98
2404 1.0
2405 0.99
2406 0.99
2407 1.0
2408 1.0
2409 1.0
2410 1.0
2411 1.0
2412 0.99
2413 1.0
2414 0.99
2415 0.99
2416 0.98
2417 0.98
2418 1.0
2419 1.0
2420 1.0
2421 1.0
2422 1.0
2423 0.99
2424 0.99
2425 0.99
2426 1.0
2427 1.0
2428 1.0
2429 1.0
2430 1.0
2431 1.0
2432 0.99
2433 1.0
2434 1.0
2435 0.99
2436 1.0
2437 0.99
2438 0.99
2439 1.0
2440 1.0
2441 0.99
2442 1.0
2443 1.0
2444 0.99
2445 0.98
2446 1.0
2447 1.0
2448 0.99
2449 1.0
2450 1.0
2451 0.99
2452 0.98
2453 0.98
2454 0.98
2455 1.0
2456 1.0
2457 0.98
2458 0.98
2459 0.98
2460 0.97
2461 0.99
2462 0.99
2463 1.0
2464 0.98
2465 0.98
2466 0.99
2467 0.99
2468 0.98
2469 0.99
2470 0.99
2471 0.99
2472 1.0
2473 0.99
2474 1.0
2475 1.0
2476 0.99
2477 1.0
2478 1.0
2479 0.99
2480 1.0
2481 1.0
2482 1.0
2483 0.99
2484 0.99
2485 0.99
2486 1.0
2487 0.99
2488 1.0
2489 1.0
2490 0.99
2491 0.99
2492 1.0
2493 1.0
2494 0.99
2495 1.0
2496 1.0
2497 0.99
2498 0.99
2499 1.0
2500 1.0
2501 0.99
2502 1.0
2503 1.0
2504 1.0
2505 1.0
2506 0.98
2507 1.0
2508 0.99
2509 1.0
2510 1.0
2511 0.99
2512 1.0
2513 1.0
2514 1.0
2515 0.99
2516 0.99
2517 1.0
2518 1.0
2519 1.0
2520 1.0
2521 0.99
2522 1.0
2523 1.0
2524 1.0
2525 1.0
2526 1.0
2527 1.0
2528 1.0
2529 0.99
2530 1.0
2531 1.0
2532 1.0
2533 1.0
2534 0.98
2535 1.0
2536 1.0
2537 1.0
2538 0.98
2539 0.99
2540 1.0
2541 1.0
2542 1.0
2543 1.0
2544 1.0
2545 0.99
2546 0.98
2547 1.0
2548 1.0
2549 1.0
2550 0.99
2551 1.0
2552 1.0
2553 1.0
2554 0.99
2555 0.99
2556 1.0
2557 1.0
2558 0.98
2559 0.98
2560 1.0
2561 0.98
2562 1.0
2563 1.0
2564 1.0
2565 0.98
2566 1.0
2567 1.0
2568 1.0
2569 0.98
2570 0.99
2571 1.0
2572 0.98
2573 0.99
2574 1.0
2575 1.0
2576 1.0
2577 1.0
2578 1.0
2579 0.99
2580 0.98
2581 1.0
2582 1.0
2583 1.0
2584 1.0
2585 1.0
2586 1.0
2587 1.0
2588 0.98
2589 1.0
2590 1.0
2591 1.0
2592 1.0
2593 0.99
2594 1.0
2595 1.0
2596 1.0
2597 1.0
2598 1.0
2599 0.98
2600 0.97
2601 1.0
2602 0.99
2603 0.99
2604 1.0
2605 1.0
2606 0.99
2607 1.0
2608 0.98
2609 1.0
2610 0.98
2611 1.0
2612 0.99
2613 0.99
2614 0.99
2615 1.0
2616 0.99
2617 1.0
2618 0.99
2619 0.99
2620 1.0
2621 1.0
2622 1.0
2623 0.99
2624 0.98
2625 1.0
2626 1.0
2627 1.0
2628 0.99
2629 1.0
2630 0.98
2631 1.0
2632 1.0
2633 0.99
2634 1.0
2635 1.0
2636 0.99
2637 1.0
2638 0.99
2639 0.98
2640 1.0
2641 1.0
2642 0.99
2643 0.99
2644 0.99
2645 0.99
2646 1.0
2647 1.0
2648 1.0
2649 0.98
2650 1.0
2651 0.99
2652 0.99
2653 1.0
2654 0.99
2655 1.0
2656 0.99
2657 0.99
2658 1.0
2659 1.0
2660 0.99
2661 1.0
2662 1.0
2663 0.99
2664 0.99
2665 0.99
2666 1.0
2667 1.0
2668 1.0
2669 0.99
2670 0.99
2671 1.0
2672 1.0
2673 0.98
2674 0.99
2675 1.0
2676 1.0
2677 1.0
2678 0.99
2679 1.0
2680 1.0
2681 1.0
2682 1.0
2683 1.0
2684 1.0
2685 1.0
2686 0.98
2687 1.0
2688 1.0
2689 1.0
2690 1.0
2691 1.0
2692 0.99
2693 1.0
2694 1.0
2695 1.0
2696 1.0
2697 1.0
2698 0.98
2699 1.0
2700 1.0
2701 1.0
2702 0.99
2703 0.99
2704 0.99
2705 1.0
2706 1.0
2707 0.99
2708 0.98
2709 1.0
2710 1.0
2711 0.99
2712 1.0
2713 1.0
2714 0.99
2715 0.98
2716 0.99
2717 0.99
2718 1.0
2719 0.99
2720 1.0
2721 1.0
2722 1.0
2723 0.99
2724 0.99
2725 1.0
2726 1.0
2727 0.99
2728 0.99
2729 0.98
2730 0.99
2731 0.99
2732 1.0
2733 1.0
2734 0.98
2735 0.99
2736 1.0
2737 1.0
2738 1.0
2739 0.99
2740 0.99
2741 1.0
2742 1.0
2743 1.0
2744 0.98
2745 0.98
2746 0.99
2747 1.0
2748 1.0
2749 1.0
2750 1.0
2751 0.99
2752 1.0
2753 1.0
2754 1.0
2755 0.99
2756 0.99
2757 0.98
2758 1.0
2759 1.0
2760 0.99
2761 0.98
2762 1.0
2763 1.0
2764 1.0
2765 1.0
2766 1.0
2767 0.99
2768 1.0
2769 1.0
2770 1.0
2771 0.99
2772 0.98
2773 1.0
2774 1.0
2775 1.0
2776 1.0
2777 1.0
2778 1.0
2779 1.0
2780 0.98
2781 0.98
2782 1.0
2783 1.0
2784 1.0
2785 0.99
2786 1.0
2787 1.0
2788 0.99
2789 1.0
2790 0.99
2791 1.0
2792 0.99
2793 1.0
2794 0.99
2795 0.99
2796 0.99
2797 1.0
2798 1.0
2799 0.99
2800 1.0
2801 1.0
2802 1.0
2803 1.0
2804 0.99
2805 0.99
2806 0.99
2807 1.0
2808 1.0
2809 1.0
2810 1.0
2811 0.99
2812 1.0
2813 1.0
2814 1.0
2815 0.99
2816 0.99
2817 1.0
2818 0.99
2819 0.98
2820 0.99
2821 1.0
2822 0.99
2823 1.0
2824 1.0
2825 1.0
2826 0.98
2827 0.99
2828 1.0
2829 0.99
2830 1.0
2831 1.0
2832 1.0
2833 1.0
2834 1.0
2835 0.99
2836 0.99
2837 0.99
2838 1.0
2839 1.0
2840 1.0
2841 0.98
2842 1.0
2843 1.0
2844 0.99
2845 0.98
2846 0.99
2847 1.0
2848 0.99
2849 0.98
2850 1.0
2851 1.0
2852 1.0
2853 0.99
2854 1.0
2855 1.0
2856 0.99
2857 0.99
2858 0.99
2859 1.0
2860 1.0
2861 1.0
2862 0.99
2863 0.98
2864 0.98
2865 0.99
2866 1.0
2867 1.0
2868 1.0
2869 1.0
2870 0.99
2871 0.99
2872 1.0
2873 1.0
2874 1.0
2875 1.0
2876 1.0
2877 1.0
2878 1.0
2879 1.0
2880 0.99
2881 1.0
2882 0.99
2883 1.0
2884 1.0
2885 1.0
2886 1.0
2887 0.99
2888 0.98
2889 1.0
2890 0.99
2891 0.99
2892 0.99
2893 1.0
2894 1.0
2895 0.99
2896 0.98
2897 1.0
2898 1.0
2899 1.0
2900 1.0
2901 0.99
2902 0.99
2903 0.99
2904 1.0
2905 1.0
2906 1.0
2907 0.99
2908 0.99
2909 1.0
2910 0.99
2911 0.99
2912 1.0
2913 1.0
2914 0.99
2915 0.99
2916 1.0
2917 1.0
2918 0.99
2919 0.99
2920 1.0
2921 1.0
2922 1.0
2923 0.99
2924 0.99
2925 1.0
2926 1.0
2927 0.99
2928 0.99
2929 1.0
2930 1.0
2931 1.0
2932 1.0
2933 1.0
2934 1.0
2935 1.0
2936 1.0
2937 1.0
2938 0.99
2939 1.0
2940 1.0
2941 1.0
2942 0.99
2943 0.99
2944 0.99
2945 1.0
2946 1.0
2947 1.0
2948 0.99
2949 1.0
2950 0.99
2951 0.99
2952 0.99
2953 1.0
2954 1.0
2955 1.0
2956 0.97
2957 1.0
2958 1.0
2959 1.0
2960 1.0
2961 1.0
2962 1.0
2963 0.99
2964 0.99
2965 0.99
2966 1.0
2967 1.0
2968 1.0
2969 0.99
2970 0.99
2971 1.0
2972 1.0
2973 1.0
2974 1.0
2975 0.99
2976 0.99
2977 0.99
2978 1.0
2979 1.0
2980 1.0
2981 0.99
2982 1.0
2983 1.0
2984 0.99
2985 1.0
2986 1.0
2987 1.0
2988 0.99
2989 0.99
2990 0.99
2991 0.99
2992 1.0
2993 1.0
2994 0.98
2995 1.0
2996 1.0
2997 1.0
2998 0.99
2999 1.0
3000 0.99
3001 0.99
3002 1.0
3003 0.99
3004 1.0
3005 0.99
3006 1.0
3007 1.0
3008 1.0
3009 0.99
3010 1.0
3011 0.98
3012 0.99
3013 1.0
3014 1.0
3015 1.0
3016 0.97
3017 0.98
3018 1.0
3019 1.0
3020 0.99
3021 1.0
3022 1.0
3023 0.99
3024 0.99
3025 1.0
3026 1.0
3027 0.99
3028 1.0
3029 0.98
3030 0.97
3031 0.99
3032 1.0
3033 0.99
3034 0.99
3035 0.99
3036 1.0
3037 0.99
3038 0.99
3039 1.0
3040 1.0
3041 0.99
3042 1.0
3043 1.0
3044 0.98
3045 1.0
3046 1.0
3047 1.0
3048 0.99
3049 1.0
3050 1.0
3051 0.98
3052 1.0
3053 1.0
3054 0.99
3055 1.0
3056 1.0
3057 1.0
3058 0.99
3059 0.98
3060 1.0
3061 0.99
3062 0.99
3063 1.0
3064 1.0
3065 1.0
3066 1.0
3067 1.0
3068 0.99
3069 0.99
3070 1.0
3071 1.0
3072 1.0
3073 1.0
3074 0.99
3075 0.99
3076 1.0
3077 0.99
3078 1.0
3079 0.99
3080 0.99
3081 1.0
3082 1.0
3083 0.99
3084 1.0
3085 1.0
3086 1.0
3087 1.0
3088 1.0
3089 1.0
3090 1.0
3091 1.0
3092 1.0
3093 0.99
3094 0.99
3095 1.0
3096 1.0
3097 1.0
3098 1.0
3099 1.0
3100 0.99
3101 1.0
3102 1.0
3103 1.0
3104 1.0
3105 0.99
3106 1.0
3107 1.0
3108 0.98
3109 0.99
3110 1.0
3111 1.0
3112 1.0
3113 0.99
3114 1.0
3115 1.0
3116 0.98
3117 0.99
3118 1.0
3119 1.0
3120 1.0
3121 1.0
3122 0.99
3123 1.0
3124 1.0
3125 1.0
3126 1.0
3127 1.0
3128 0.99
3129 1.0
3130 1.0
3131 0.99
3132 1.0
3133 1.0
3134 0.99
3135 0.99
3136 0.99
3137 1.0
3138 1.0
3139 1.0
3140 1.0
3141 0.99
3142 0.98
3143 1.0
3144 0.97
3145 0.98
3146 1.0
3147 1.0
3148 0.99
3149 1.0
3150 1.0
3151 0.99
3152 1.0
3153 1.0
3154 1.0
3155 0.99
3156 1.0
3157 1.0
3158 0.99
3159 1.0
3160 0.99
3161 1.0
3162 0.99
3163 0.99
3164 1.0
3165 0.99
3166 0.99
3167 1.0
3168 1.0
3169 1.0
3170 1.0
3171 1.0
3172 1.0
3173 1.0
3174 1.0
3175 1.0
3176 1.0
3177 1.0
3178 1.0
3179 1.0
3180 1.0
3181 1.0
3182 1.0
3183 0.99
3184 0.99
3185 0.99
3186 1.0
3187 1.0
3188 0.99
3189 0.99
3190 0.99
3191 0.99
3192 0.99
3193 1.0
3194 1.0
3195 1.0
3196 0.99
3197 0.99
3198 1.0
3199 1.0
3200 0.99
3201 0.99
3202 0.99
3203 1.0
3204 1.0
3205 1.0
3206 1.0
3207 0.99
3208 0.98
3209 1.0
3210 1.0
3211 1.0
3212 0.99
3213 0.99
3214 1.0
3215 1.0
3216 1.0
3217 1.0
3218 1.0
3219 1.0
3220 0.99
3221 1.0
3222 0.99
3223 0.99
3224 0.99
3225 1.0
3226 1.0
3227 1.0
3228 1.0
3229 1.0
3230 0.99
3231 1.0
3232 1.0
3233 0.99
3234 0.99
3235 1.0
3236 1.0
3237 0.99
3238 1.0
3239 0.99
3240 0.99
3241 1.0
3242 0.99
3243 1.0
3244 0.99
3245 1.0
3246 0.99
3247 1.0
3248 0.99
3249 0.99
3250 0.98
3251 0.99
3252 0.99
3253 0.99
3254 0.99
3255 1.0
3256 0.99
3257 1.0
3258 0.99
3259 1.0
3260 0.99
3261 1.0
3262 1.0
3263 1.0
3264 1.0
3265 0.99
3266 0.99
3267 1.0
3268 1.0
3269 1.0
3270 1.0
3271 1.0
3272 1.0
3273 1.0
3274 1.0
3275 1.0
3276 0.99
3277 0.99
3278 1.0
3279 1.0
3280 0.99
3281 0.99
3282 1.0
3283 1.0
3284 1.0
3285 1.0
3286 1.0
3287 1.0
3288 1.0
3289 1.0
3290 1.0
3291 1.0
3292 0.99
3293 0.99
3294 1.0
3295 1.0
3296 1.0
3297 1.0
3298 1.0
3299 0.99
3300 0.99
3301 1.0
3302 1.0
3303 1.0
3304 0.99
3305 0.99
3306 0.99
3307 1.0
3308 0.99
3309 1.0
3310 0.99
3311 1.0
3312 1.0
3313 1.0
3314 1.0
3315 1.0
3316 1.0
3317 1.0
3318 1.0
3319 0.98
3320 0.98
3321 0.99
3322 0.99
3323 1.0
3324 0.99
3325 1.0
3326 1.0
3327 0.99
3328 1.0
3329 0.99
3330 1.0
3331 1.0
3332 0.99
3333 1.0
3334 0.99
3335 1.0
3336 1.0
3337 1.0
3338 0.99
3339 1.0
3340 1.0
3341 1.0
3342 1.0
3343 1.0
3344 1.0
3345 0.99
3346 0.99
3347 1.0
3348 0.99
3349 1.0
3350 0.99
3351 1.0
3352 1.0
3353 1.0
3354 1.0
3355 1.0
3356 0.99
3357 1.0
3358 0.99
3359 1.0
3360 0.99
3361 0.99
3362 0.99
3363 0.99
3364 0.99
3365 1.0
3366 0.99
3367 0.99
3368 1.0
3369 1.0
3370 1.0
3371 0.99
3372 1.0
3373 1.0
3374 1.0
3375 1.0
3376 1.0
3377 1.0
3378 1.0
3379 0.99
3380 1.0
3381 0.99
3382 0.99
3383 0.99
3384 0.98
3385 1.0
3386 1.0
3387 1.0
3388 1.0
3389 1.0
3390 0.98
3391 0.99
3392 1.0
3393 1.0
3394 0.99
3395 1.0
3396 0.99
3397 1.0
3398 1.0
3399 1.0
3400 0.98
3401 1.0
3402 1.0
3403 0.98
3404 0.99
3405 1.0
3406 0.99
3407 0.99
3408 1.0
3409 0.99
3410 0.99
3411 0.99
3412 1.0
3413 1.0
3414 1.0
3415 0.99
3416 0.99
3417 1.0
3418 0.98
3419 1.0
3420 1.0
3421 1.0
3422 1.0
3423 1.0
3424 1.0
3425 1.0
3426 0.99
3427 1.0
3428 1.0
3429 1.0
3430 0.99
3431 1.0
3432 1.0
3433 0.99
3434 1.0
3435 1.0
3436 0.98
3437 0.99
3438 0.99
3439 1.0
3440 0.99
3441 1.0
3442 1.0
3443 0.99
3444 0.98
3445 1.0
3446 1.0
3447 0.99
3448 0.99
3449 0.99
3450 0.99
3451 0.99
3452 1.0
3453 1.0
3454 1.0
3455 0.99
3456 1.0
3457 0.99
3458 0.98
3459 0.99
3460 1.0
3461 0.99
3462 0.99
3463 1.0
3464 1.0
3465 1.0
3466 1.0
3467 0.99
3468 0.99
3469 0.99
3470 1.0
3471 1.0
3472 1.0
3473 0.99
3474 0.99
3475 1.0
3476 1.0
3477 0.99
3478 0.99
3479 1.0
3480 1.0
3481 1.0
3482 1.0
3483 1.0
3484 0.99
3485 0.99
3486 1.0
3487 0.99
3488 0.99
3489 1.0
3490 1.0
3491 0.99
3492 1.0
3493 0.99
3494 1.0
3495 1.0
3496 1.0
3497 1.0
3498 0.99
3499 1.0
3500 1.0
3501 1.0
3502 1.0
3503 0.99
3504 1.0
3505 1.0
3506 1.0
3507 1.0
3508 0.99
3509 0.99
3510 1.0
3511 1.0
3512 0.99
3513 1.0
3514 1.0
3515 1.0
3516 0.99
3517 1.0
3518 0.99
3519 0.99
3520 1.0
3521 1.0
3522 1.0
3523 1.0
3524 1.0
3525 1.0
3526 1.0
3527 1.0
3528 1.0
3529 1.0
3530 1.0
3531 0.99
3532 1.0
3533 0.99
3534 1.0
3535 1.0
3536 0.99
3537 1.0
3538 1.0
3539 0.99
3540 0.98
3541 1.0
3542 1.0
3543 0.99
3544 0.98
3545 1.0
3546 1.0
3547 1.0
3548 1.0
3549 1.0
3550 0.99
3551 0.99
3552 0.99
3553 1.0
3554 1.0
3555 0.99
3556 0.99
3557 0.99
3558 1.0
3559 1.0
3560 1.0
3561 0.99
3562 0.98
3563 1.0
3564 1.0
3565 1.0
3566 1.0
3567 1.0
3568 1.0
3569 1.0
3570 0.98
3571 0.99
3572 1.0
3573 1.0
3574 0.99
3575 1.0
3576 1.0
3577 1.0
3578 0.99
3579 1.0
3580 0.99
3581 1.0
3582 0.99
3583 1.0
3584 1.0
3585 1.0
3586 1.0
3587 1.0
3588 1.0
3589 1.0
3590 1.0
3591 0.99
3592 0.99
3593 1.0
3594 1.0
3595 1.0
3596 0.99
3597 0.99
3598 0.99
3599 1.0
3600 1.0
3601 1.0
3602 1.0
3603 1.0
3604 0.99
3605 1.0
3606 1.0
3607 1.0
3608 1.0
3609 0.98
3610 0.99
3611 1.0
3612 0.99
3613 1.0
3614 1.0
3615 1.0
3616 1.0
3617 1.0
3618 0.99
3619 1.0
3620 0.98
3621 1.0
3622 0.99
3623 0.99
3624 1.0
3625 1.0
3626 1.0
3627 1.0
3628 0.98
3629 0.99
3630 1.0
3631 1.0
3632 0.98
3633 1.0
3634 1.0
3635 1.0
3636 0.99
3637 1.0
3638 0.98
3639 0.99
3640 1.0
3641 1.0
3642 1.0
3643 0.99
3644 1.0
3645 1.0
3646 1.0
3647 0.99
3648 0.99
3649 1.0
3650 1.0
3651 0.99
3652 0.99
3653 1.0
3654 1.0
3655 1.0
3656 0.99
3657 1.0
3658 0.99
3659 1.0
3660 1.0
3661 1.0
3662 1.0
3663 1.0
3664 0.98
3665 1.0
3666 1.0
3667 1.0
3668 1.0
3669 1.0
3670 0.99
3671 1.0
3672 0.98
3673 1.0
3674 1.0
3675 0.99
3676 0.98
3677 1.0
3678 1.0
3679 1.0
3680 1.0
3681 1.0
3682 0.99
3683 1.0
3684 1.0
3685 1.0
3686 1.0
3687 1.0
3688 1.0
3689 1.0
3690 0.99
3691 0.99
3692 1.0
3693 1.0
3694 0.99
3695 0.99
3696 1.0
3697 1.0
3698 1.0
3699 0.99
3700 1.0
3701 0.99
3702 0.97
3703 1.0
3704 1.0
3705 1.0
3706 1.0
3707 1.0
3708 1.0
3709 1.0
3710 1.0
3711 1.0
3712 1.0
3713 1.0
3714 0.99
3715 1.0
3716 0.99
3717 0.99
3718 1.0
3719 1.0
3720 1.0
3721 0.99
3722 0.99
3723 1.0
3724 0.99
3725 1.0
3726 0.99
3727 1.0
3728 0.99
3729 1.0
3730 1.0
3731 1.0
3732 1.0
3733 1.0
3734 1.0
3735 1.0
3736 0.98
3737 1.0
3738 0.99
3739 0.99
3740 0.99
3741 0.99
3742 1.0
3743 0.99
3744 1.0
3745 0.98
3746 0.98
3747 1.0
3748 1.0
3749 0.99
3750 1.0
3751 1.0
3752 1.0
3753 1.0
3754 1.0
3755 1.0
3756 1.0
3757 1.0
3758 0.99
3759 1.0
3760 1.0
3761 1.0
3762 0.98
3763 1.0
3764 1.0
3765 1.0
3766 0.98
3767 0.98
3768 1.0
3769 1.0
3770 1.0
3771 0.99
3772 0.99
3773 1.0
3774 0.99
3775 1.0
3776 1.0
3777 1.0
3778 0.99
3779 0.99
3780 0.99
3781 1.0
3782 0.98
3783 1.0
3784 0.99
3785 1.0
3786 0.99
3787 0.99
3788 1.0
3789 1.0
3790 0.99
3791 0.99
3792 0.99
3793 1.0
3794 1.0
3795 0.99
3796 1.0
3797 0.99
3798 0.99
3799 1.0
3800 1.0
3801 0.99
3802 0.99
3803 1.0
3804 0.99
3805 1.0
3806 1.0
3807 0.99
3808 0.98
3809 1.0
3810 1.0
3811 1.0
3812 1.0
3813 0.99
3814 1.0
3815 0.99
3816 0.99
3817 0.99
3818 0.99
3819 1.0
3820 1.0
3821 0.99
3822 1.0
3823 0.99
3824 0.98
3825 1.0
3826 1.0
3827 1.0
3828 0.98
3829 1.0
3830 1.0
3831 1.0
3832 1.0
3833 1.0
3834 1.0
3835 1.0
3836 0.99
3837 0.99
3838 0.99
3839 0.99
3840 0.99
3841 0.99
3842 1.0
3843 0.99
3844 0.99
3845 0.99
3846 0.99
3847 1.0
3848 0.99
3849 0.99
3850 0.99
3851 0.99
3852 0.99
3853 1.0
3854 1.0
3855 1.0
3856 1.0
3857 1.0
3858 1.0
3859 1.0
3860 1.0
3861 0.99
3862 1.0
3863 1.0
3864 0.99
3865 1.0
3866 1.0
3867 1.0
3868 0.98
3869 0.99
3870 1.0
3871 0.99
3872 0.99
3873 1.0
3874 0.99
3875 0.99
3876 1.0
3877 1.0
3878 1.0
3879 1.0
3880 1.0
3881 1.0
3882 1.0
3883 1.0
3884 0.99
3885 0.99
3886 1.0
3887 0.99
3888 0.98
3889 0.99
3890 1.0
3891 1.0
3892 0.98
3893 1.0
3894 1.0
3895 1.0
3896 1.0
3897 0.98
3898 1.0
3899 0.99
3900 0.98
3901 0.99
3902 0.99
3903 1.0
3904 0.99
3905 1.0
3906 0.99
3907 0.99
3908 1.0
3909 0.98
3910 1.0
3911 1.0
3912 1.0
3913 1.0
3914 0.99
3915 0.99
3916 1.0
3917 1.0
3918 1.0
3919 1.0
3920 1.0
3921 1.0
3922 1.0
3923 1.0
3924 0.99
3925 0.99
3926 0.99
3927 0.99
3928 1.0
3929 0.99
3930 0.99
3931 1.0
3932 1.0
3933 0.98
3934 0.98
3935 0.99
3936 1.0
3937 0.99
3938 0.99
3939 1.0
3940 1.0
3941 0.99
3942 0.98
3943 1.0
3944 1.0
3945 1.0
3946 1.0
3947 1.0
3948 0.99
3949 1.0
3950 1.0
3951 1.0
3952 1.0
3953 1.0
3954 1.0
3955 1.0
3956 0.99
3957 1.0
3958 0.99
3959 1.0
3960 1.0
3961 0.98
3962 1.0
3963 1.0
3964 1.0
3965 0.98
3966 1.0
3967 0.99
3968 0.99
3969 1.0
3970 1.0
3971 1.0
3972 1.0
3973 1.0
3974 1.0
3975 1.0
3976 0.99
3977 1.0
3978 0.99
3979 1.0
3980 1.0
3981 1.0
3982 0.98
3983 0.98
3984 1.0
3985 0.99
3986 1.0
3987 1.0
3988 1.0
3989 1.0
3990 1.0
3991 0.99
3992 1.0
3993 0.99
3994 0.99
3995 1.0
3996 1.0
3997 0.99
3998 0.99
3999 0.99
4000 1.0
4001 1.0
4002 1.0
4003 0.98
4004 1.0
4005 0.99
4006 0.99
4007 0.99
4008 1.0
4009 0.99
4010 0.99
4011 1.0
4012 1.0
4013 0.99
4014 1.0
4015 0.98
4016 1.0
4017 1.0
4018 0.99
4019 1.0
4020 0.98
4021 1.0
4022 1.0
4023 0.99
4024 1.0
4025 1.0
4026 0.98
4027 1.0
4028 1.0
4029 1.0
4030 0.98
4031 0.98
4032 1.0
4033 1.0
4034 0.99
4035 1.0
4036 0.99
4037 1.0
4038 1.0
4039 1.0
4040 1.0
4041 1.0
4042 1.0
4043 1.0
4044 0.99
4045 0.99
4046 1.0
4047 1.0
4048 1.0
4049 1.0
4050 1.0
4051 0.99
4052 0.99
4053 0.98
4054 0.99
4055 0.98
4056 1.0
4057 1.0
4058 0.99
4059 0.99
4060 0.99
4061 1.0
4062 1.0
4063 0.99
4064 0.99
4065 1.0
4066 1.0
4067 1.0
4068 1.0
4069 0.98
4070 1.0
4071 1.0
4072 1.0
4073 0.99
4074 1.0
4075 1.0
4076 1.0
4077 0.99
4078 0.99
4079 1.0
4080 0.99
4081 1.0
4082 0.99
4083 0.98
4084 1.0
4085 0.99
4086 1.0
4087 0.98
4088 1.0
4089 1.0
4090 0.99
4091 1.0
4092 1.0
4093 1.0
4094 1.0
4095 1.0
4096 1.0
4097 0.99
4098 1.0
4099 0.98
4100 1.0
4101 1.0
4102 1.0
4103 0.97
4104 0.99
4105 1.0
4106 1.0
4107 0.99
4108 0.99
4109 1.0
4110 1.0
4111 1.0
4112 1.0
4113 1.0
4114 1.0
4115 0.99
4116 0.98
4117 0.99
4118 0.98
4119 1.0
4120 1.0
4121 0.99
4122 1.0
4123 1.0
4124 0.99
4125 0.98
4126 0.99
4127 1.0
4128 1.0
4129 0.99
4130 0.99
4131 1.0
4132 1.0
4133 1.0
4134 1.0
4135 1.0
4136 0.99
4137 0.99
4138 1.0
4139 1.0
4140 1.0
4141 0.99
4142 0.99
4143 1.0
4144 1.0
4145 1.0
4146 1.0
4147 1.0
4148 0.98
4149 1.0
4150 1.0
4151 1.0
4152 0.99
4153 0.99
4154 1.0
4155 0.98
4156 1.0
4157 0.99
4158 0.99
4159 1.0
4160 1.0
4161 0.99
4162 1.0
4163 0.99
4164 0.99
4165 1.0
4166 1.0
4167 0.99
4168 0.99
4169 0.99
4170 1.0
4171 1.0
4172 1.0
4173 1.0
4174 1.0
4175 1.0
4176 0.99
4177 0.99
4178 1.0
4179 1.0
4180 1.0
4181 0.99
4182 1.0
4183 1.0
4184 1.0
4185 1.0
4186 0.99
4187 0.99
4188 1.0
4189 0.99
4190 1.0
4191 1.0
4192 1.0
4193 0.98
4194 1.0
4195 1.0
4196 1.0
4197 1.0
4198 1.0
4199 0.99
4200 1.0
4201 1.0
4202 1.0
4203 0.99
4204 0.99
4205 0.99
4206 1.0
4207 1.0
4208 1.0
4209 0.99
4210 1.0
4211 0.99
4212 1.0
4213 0.99
4214 1.0
4215 0.99
4216 1.0
4217 1.0
4218 0.99
4219 0.99
4220 0.99
4221 1.0
4222 1.0
4223 1.0
4224 1.0
4225 1.0
4226 1.0
4227 1.0
4228 0.99
4229 1.0
4230 0.99
4231 1.0
4232 1.0
4233 0.99
4234 0.99
4235 0.99
4236 1.0
4237 0.99
4238 1.0
4239 1.0
4240 1.0
4241 1.0
4242 1.0
4243 1.0
4244 1.0
4245 1.0
4246 0.99
4247 0.99
4248 0.99
4249 0.99
4250 0.99
4251 1.0
4252 1.0
4253 0.99
4254 1.0
4255 1.0
4256 0.99
4257 1.0
4258 1.0
4259 0.99
4260 1.0
4261 0.99
4262 0.98
4263 0.99
4264 1.0
4265 1.0
4266 0.99
4267 1.0
4268 1.0
4269 1.0
4270 1.0
4271 0.98
4272 1.0
4273 0.99
4274 1.0
4275 0.99
4276 1.0
4277 0.99
4278 0.99
4279 0.99
4280 1.0
4281 1.0
4282 1.0
4283 0.98
4284 1.0
4285 0.99
4286 1.0
4287 0.99
4288 1.0
4289 1.0
4290 0.99
4291 0.99
4292 0.99
4293 1.0
4294 1.0
4295 1.0
4296 1.0
4297 1.0
4298 1.0
4299 0.99
4300 0.99
4301 0.99
4302 1.0
4303 1.0
4304 0.99
4305 1.0
4306 1.0
4307 0.98
4308 0.98
4309 1.0
4310 1.0
4311 1.0
4312 1.0
4313 1.0
4314 0.99
4315 0.99
4316 1.0
4317 1.0
4318 1.0
4319 0.99
4320 1.0
4321 0.99
4322 0.99
4323 1.0
4324 1.0
4325 1.0
4326 0.99
4327 0.98
4328 0.99
4329 0.99
4330 0.99
4331 1.0
4332 0.99
4333 1.0
4334 0.99
4335 0.99
4336 1.0
4337 0.99
4338 1.0
4339 1.0
4340 0.99
4341 1.0
4342 1.0
4343 1.0
4344 0.99
4345 1.0
4346 1.0
4347 1.0
4348 0.99
4349 1.0
4350 1.0
4351 0.98
4352 0.99
4353 0.98
4354 1.0
4355 1.0
4356 1.0
4357 0.99
4358 1.0
4359 0.99
4360 0.99
4361 1.0
4362 0.99
4363 0.99
4364 0.99
4365 0.98
4366 1.0
4367 0.99
4368 0.99
4369 0.99
4370 1.0
4371 1.0
4372 1.0
4373 1.0
4374 0.99
4375 0.99
4376 1.0
4377 1.0
4378 1.0
4379 1.0
4380 1.0
4381 0.99
4382 1.0
4383 0.99
4384 0.99
4385 1.0
4386 1.0
4387 1.0
4388 1.0
4389 0.99
4390 1.0
4391 0.99
4392 0.98
4393 0.99
4394 0.99
4395 1.0
4396 1.0
4397 0.99
4398 0.98
4399 0.99
4400 1.0
4401 0.99
4402 0.99
4403 0.99
4404 0.99
4405 0.99
4406 1.0
4407 1.0
4408 1.0
4409 1.0
4410 0.99
4411 1.0
4412 1.0
4413 1.0
4414 0.99
4415 1.0
4416 1.0
4417 1.0
4418 0.99
4419 0.99
4420 1.0
4421 0.99
4422 0.99
4423 0.99
4424 1.0
4425 1.0
4426 0.99
4427 0.99
4428 1.0
4429 1.0
4430 1.0
4431 0.99
4432 0.99
4433 1.0
4434 0.99
4435 1.0
4436 0.99
4437 0.99
4438 1.0
4439 1.0
4440 0.99
4441 0.99
4442 1.0
4443 0.99
4444 0.99
4445 0.99
4446 1.0
4447 1.0
4448 0.98
4449 1.0
4450 1.0
4451 0.99
4452 0.99
4453 0.99
4454 1.0
4455 1.0
4456 1.0
4457 0.99
4458 0.99
4459 0.99
4460 0.99
4461 1.0
4462 1.0
4463 1.0
4464 1.0
4465 1.0
4466 1.0
4467 1.0
4468 1.0
4469 1.0
4470 0.99
4471 1.0
4472 1.0
4473 0.99
4474 0.99
4475 0.99
4476 0.99
4477 1.0
4478 1.0
4479 1.0
4480 1.0
4481 1.0
4482 1.0
4483 1.0
4484 0.98
4485 0.99
4486 0.99
4487 1.0
4488 1.0
4489 1.0
4490 1.0
4491 1.0
4492 0.99
4493 1.0
4494 1.0
4495 0.99
4496 1.0
4497 1.0
4498 0.99
4499 1.0
4500 0.99
4501 1.0
4502 1.0
4503 0.99
4504 1.0
4505 1.0
4506 1.0
4507 1.0
4508 0.99
4509 0.99
4510 0.98
4511 0.99
4512 1.0
4513 1.0
4514 0.99
4515 0.99
4516 1.0
4517 0.99
4518 0.99
4519 1.0
4520 1.0
4521 0.99
4522 1.0
4523 0.99
4524 1.0
4525 0.99
4526 0.99
4527 1.0
4528 1.0
4529 0.99
4530 0.99
4531 1.0
4532 1.0
4533 1.0
4534 1.0
4535 0.99
4536 0.99
4537 0.99
4538 1.0
4539 1.0
4540 0.99
4541 1.0
4542 0.99
4543 1.0
4544 0.99
4545 0.99
4546 0.99
4547 0.99
4548 0.99
4549 1.0
4550 0.99
4551 1.0
4552 1.0
4553 1.0
4554 0.99
4555 1.0
4556 1.0
4557 1.0
4558 1.0
4559 1.0
4560 1.0
4561 0.99
4562 1.0
4563 1.0
4564 1.0
4565 0.99
4566 1.0
4567 0.99
4568 1.0
4569 0.99
4570 1.0
4571 1.0
4572 0.99
4573 0.99
4574 1.0
4575 1.0
4576 1.0
4577 1.0
4578 1.0
4579 1.0
4580 0.99
4581 0.99
4582 0.99
4583 0.99
4584 0.99
4585 1.0
4586 1.0
4587 1.0
4588 1.0
4589 1.0
4590 0.99
4591 0.99
4592 1.0
4593 0.99
4594 1.0
4595 0.99
4596 1.0
4597 0.99
4598 0.99
4599 1.0
4600 1.0
4601 0.98
4602 1.0
4603 0.99
4604 0.99
4605 1.0
4606 1.0
4607 0.98
4608 0.99
4609 0.99
4610 0.99
4611 0.98
4612 1.0
4613 1.0
4614 0.99
4615 1.0
4616 1.0
4617 1.0
4618 1.0
4619 1.0
4620 0.99
4621 0.98
4622 1.0
4623 0.99
4624 0.99
4625 1.0
4626 1.0
4627 1.0
4628 0.99
4629 1.0
4630 0.99
4631 1.0
4632 0.99
4633 0.97
4634 1.0
4635 1.0
4636 1.0
4637 0.99
4638 0.98
4639 0.99
4640 1.0
4641 1.0
4642 0.99
4643 0.98
4644 1.0
4645 1.0
4646 0.99
4647 0.99
4648 1.0
4649 0.99
4650 0.98
4651 1.0
4652 1.0
4653 1.0
4654 1.0
4655 1.0
4656 0.98
4657 1.0
4658 1.0
4659 1.0
4660 0.99
4661 1.0
4662 0.99
4663 1.0
4664 1.0
4665 1.0
4666 0.99
4667 1.0
4668 0.99
4669 1.0
4670 1.0
4671 1.0
4672 0.99
4673 1.0
4674 1.0
4675 1.0
4676 0.99
4677 1.0
4678 0.99
4679 0.99
4680 1.0
4681 0.99
4682 0.99
4683 1.0
4684 1.0
4685 0.99
4686 1.0
4687 0.99
4688 1.0
4689 1.0
4690 1.0
4691 1.0
4692 0.99
4693 1.0
4694 1.0
4695 0.99
4696 0.99
4697 0.99
4698 1.0
4699 1.0
4700 0.98
4701 1.0
4702 1.0
4703 0.99
4704 1.0
4705 0.99
4706 1.0
4707 0.99
4708 1.0
4709 0.98
4710 0.99
4711 1.0
4712 1.0
4713 1.0
4714 0.99
4715 1.0
4716 0.99
4717 0.99
4718 1.0
4719 0.99
4720 0.99
4721 1.0
4722 1.0
4723 1.0
4724 0.99
4725 1.0
4726 1.0
4727 0.99
4728 1.0
4729 0.99
4730 1.0
4731 1.0
4732 1.0
4733 1.0
4734 0.99
4735 0.98
4736 0.99
4737 1.0
4738 1.0
4739 0.99
4740 0.98
4741 1.0
4742 1.0
4743 1.0
4744 0.99
4745 1.0
4746 0.99
4747 0.99
4748 1.0
4749 1.0
4750 1.0
4751 0.99
4752 1.0
4753 1.0
4754 1.0
4755 0.98
4756 1.0
4757 1.0
4758 0.99
4759 0.99
4760 0.98
4761 1.0
4762 1.0
4763 1.0
4764 1.0
4765 1.0
4766 1.0
4767 0.99
4768 0.99
4769 1.0
4770 0.99
4771 0.98
4772 0.98
4773 1.0
4774 1.0
4775 0.99
4776 1.0
4777 1.0
4778 0.98
4779 1.0
4780 1.0
4781 0.99
4782 1.0
4783 1.0
4784 1.0
4785 0.99
4786 1.0
4787 1.0
4788 0.98
4789 0.99
4790 1.0
4791 1.0
4792 1.0
4793 1.0
4794 1.0
4795 1.0
4796 0.99
4797 0.99
4798 0.99
4799 1.0
4800 1.0
4801 0.98
4802 0.99
4803 1.0
4804 0.99
4805 0.99
4806 0.99
4807 0.98
4808 1.0
4809 1.0
4810 1.0
4811 1.0
4812 0.99
4813 1.0
4814 0.99
4815 0.97
4816 0.98
4817 1.0
4818 0.99
4819 1.0
4820 0.99
4821 0.99
4822 1.0
4823 1.0
4824 1.0
4825 1.0
4826 0.98
4827 0.99
4828 1.0
4829 1.0
4830 1.0
4831 0.99
4832 0.98
4833 0.99
4834 1.0
4835 1.0
4836 1.0
4837 1.0
4838 1.0
4839 0.99
4840 0.99
4841 1.0
4842 0.99
4843 1.0
4844 0.99
4845 0.99
4846 1.0
4847 1.0
4848 0.99
4849 0.99
4850 1.0
4851 1.0
4852 0.99
4853 0.99
4854 1.0
4855 1.0
4856 1.0
4857 1.0
4858 0.99
4859 1.0
4860 1.0
4861 1.0
4862 1.0
4863 0.99
4864 1.0
4865 1.0
4866 1.0
4867 0.99
4868 1.0
4869 0.99
4870 1.0
4871 1.0
4872 1.0
4873 0.99
4874 0.99
4875 0.99
4876 1.0
4877 1.0
4878 0.99
4879 0.98
4880 0.99
4881 1.0
4882 1.0
4883 1.0
4884 0.99
4885 1.0
4886 0.99
4887 0.99
4888 0.99
4889 1.0
4890 1.0
4891 1.0
4892 1.0
4893 1.0
4894 1.0
4895 0.99
4896 0.99
4897 0.98
4898 0.99
4899 1.0
4900 1.0
4901 1.0
4902 1.0
4903 1.0
4904 0.99
4905 0.99
4906 1.0
4907 0.98
4908 0.99
4909 1.0
4910 1.0
4911 1.0
4912 0.97
4913 0.99
4914 1.0
4915 1.0
4916 1.0
4917 0.99
4918 0.99
4919 1.0
4920 1.0
4921 0.99
4922 0.99
4923 1.0
4924 1.0
4925 1.0
4926 0.98
4927 1.0
4928 0.98
4929 0.98
4930 1.0
4931 1.0
4932 0.99
4933 1.0
4934 1.0
4935 1.0
4936 1.0
4937 1.0
4938 1.0
4939 1.0
4940 0.99
4941 1.0
4942 1.0
4943 1.0
4944 1.0
4945 1.0
4946 1.0
4947 0.99
4948 0.99
4949 0.99
4950 0.99
4951 0.99
4952 1.0
4953 0.99
4954 1.0
4955 0.99
4956 1.0
4957 1.0
4958 1.0
4959 0.98
4960 0.99
4961 1.0
4962 0.99
4963 0.99
4964 0.99
4965 1.0
4966 1.0
4967 1.0
4968 1.0
4969 0.98
4970 1.0
4971 1.0
4972 0.99
4973 1.0
4974 0.99
4975 1.0
4976 0.99
4977 0.99
4978 1.0
4979 1.0
4980 1.0
4981 0.99
4982 1.0
4983 0.99
4984 0.99
4985 0.99
4986 0.98
4987 1.0
4988 1.0
4989 1.0
4990 0.97
4991 0.99
4992 0.99
4993 1.0
4994 1.0
4995 1.0
4996 0.98
4997 1.0
4998 1.0
4999 1.0
5000 0.99
