0 0.0559865631656755
1 0.021845051479942947
2 0.028962706263043494
3 0.014009679809539783
4 0.029927951150206463
5 0.05652996379889832
6 0.028501071003340265
7 0.0806789057283899
8 0.06201305707914831
9 0.06563842416423941
10 0.0842100205936088
11 0.0822206716090876
12 0.056495675075271326
13 0.14026232118878115
14 0.12289800051149345
15 0.13353372225901486
16 0.18772656357198172
17 0.16480039276969327
18 0.21679660980059495
19 0.18359986938080064
20 0.23331174302499327
21 0.24772705027212513
22 0.19766804352408474
23 0.1519983757805773
24 0.09467471330022545
25 0.09628424731661026
26 0.10898291597299495
27 0.08758715637587397
28 0.1111544704604534
29 0.12254295482253702
30 0.14191196848103937
31 0.18010394901308116
32 0.17532429422386311
33 0.19142290931813147
34 0.11365753965077344
35 0.051286276482130744
36 0.05949283902630985
37 0.040673294801064803
38 0.0839335427076467
39 0.09151055169438436
40 0.04435235754004368
41 0.08038257594629604
42 0.07784003879244052
43 0.03679166327701539
44 0.08356812353315046
45 0.16146994112958177
46 0.1652733889621679
47 0.13271364421939216
48 0.168695623362141
49 0.16174849920161674
50 0.2163608362401277
51 0.20810440041314135
52 0.15638856897730888
53 0.15600270931710417
54 0.15357366133471237
55 0.15871743041609823
56 0.18662668198213708
57 0.19113402314225514
58 0.16488649568627484
59 0.12093030893148789
60 0.18066416623011722
61 0.16030317671925234
62 0.10774747281769796
63 0.0319167894903952
64 0.057866697712228014
65 0.10969040963773093
66 0.057866450142899706
67 0.10544474091028427
68 0.1296979948906638
69 0.13002725349052494
70 0.1015783596218599
71 0.0459138087840965
72 0.07290188029288529
73 0.05352341814099375
74 0.01270621046373857
75 0.06962958636809807
76 0.05114760127560962
77 0.08478094853290223
78 0.08380647667938759
79 0.11690456345155376
80 0.09953010767661538
81 0.14250764348997366
82 0.027578486245086797
83 0.058570147426742485
84 0.06098289428905979
85 0.06090241960716798
86 0.07914864811155295
87 0.10183096758609177
88 0.12593293223567598
89 0.1702136329555255
90 0.10599639256800256
91 0.05647453449926609
92 0.07544334160496634
93 0.05891987848492441
94 0.07362345226352457
95 0.07837832689490742
96 0.03273053908446442
97 0.02786342695498401
98 0.032626981121249066
99 0.0559180238207476
100 0.061819823252460535
101 0.08691620248996552
102 0.11641154605992918
103 0.057340255293499724
104 0.03457158072939059
105 0.05669126732650394
106 0.06796285655000475
107 0.11183602214155197
108 0.11835576408263986
109 0.08838801048953389
110 0.061866147222680516
111 0.06599435027442392
112 0.13208360825838533
113 0.1378014662812304
114 0.18547669787576634
115 0.13101853898618115
116 0.14539751599451534
117 0.12864403961152976
118 0.03361539139360749
119 0.048413403347053845
120 0.05545071877984247
121 0.0367612751879095
122 0.07403835406629801
123 0.03382175406017962
124 0.02193847485913194
125 0.038455226824504044
126 0.060541172208855826
127 0.055894039573581016
128 0.0419425019799799
129 0.03451406993252435
130 0.03142079805024015
131 0.05612014956002317
132 0.08768850148411625
133 0.17438644900113426
134 0.1276801605312474
135 0.09573034869542951
136 0.15868649921665987
137 0.09321172278731901
138 0.18211485674629727
139 0.1385687631968621
140 0.13209647254724402
141 0.15211327145551837
142 0.09375249871421035
143 0.14064805092965935
144 0.09610886198280585
145 0.09505627300277726
146 0.12662820176180822
147 0.13628913109115262
148 0.17038139925849632
149 0.1255655120222422
150 0.21575142869140548
151 0.2798145189245519
152 0.15155624941898294
153 0.1082455913889821
154 0.12009521421549912
155 0.13663788164012003
156 0.09855334945328283
157 0.10916337562001015
158 0.04195962348985317
159 0.09257745700749222
160 0.020999880231921623
161 0.03557923008408753
162 0.04943667121248854
163 0.0035252776988918496
164 0.03401458578428023
165 0.0550743481603743
166 0.08010203501970578
167 0.04237227676811799
168 0.0233369748894478
169 0.03592193137304331
170 0.07752763540445387
171 0.05436267804127952
172 0.09426693604359661
173 0.08799726456117357
174 0.08843561712995193
175 0.011135542784032967
176 0.034327029065762155
177 0.09085961638193304
178 0.10093872915340472
179 0.015928393938629416
180 0.0704086119937373
181 0.06587648185497473
182 0.04866002778463209
183 0.05287753064189466
184 0.021559361219174684
185 0.04602686099763979
186 0.07827332006482311
187 0.06707104293791795
188 0.08548616468504516
189 0.044812308466775315
190 0.05029607888287979
191 0.04125566346255529
192 0.018760572981867434
193 0.0821434231315463
194 0.08188727468453932
195 0.12284641031061737
196 0.10538418977371351
197 0.060485265233401336
198 0.06569095509257791
199 0.05166141070151336
200 0.09026304408455134
201 0.14640421885012228
202 0.12094293670694062
203 0.17058393987186504
204 0.06710975566276488
205 0.04604421787420905
206 0.05631782763956079
207 0.03916466260109178
208 0.0234657907638897
209 0.07554951856234779
210 0.052825868917882345
211 0.16205315935970382
212 0.20859090730574043
213 0.18269085806751828
214 0.13155839579569334
215 0.13703440002273146
216 0.10444847363285117
217 0.13352323427804047
218 0.07255424091263858
219 0.021795166061211162
220 0.0880465149093484
221 0.02791711960383601
222 0.09540983236222478
223 0.07945750789506616
224 0.09164267766136701
225 0.12547213126599605
226 0.1228722246087472
227 0.07323754499698021
228 0.07211425997082299
229 0.07927328130051159
230 0.05986198442635483
231 0.018552994822489535
232 0.024084490977244005
233 0.004110591913130323
234 0.004598031414517019
235 0.07070468863952813
236 0.043322489314920366
237 0.024813979951750872
238 0.040459266092467784
239 0.013710635317090516
240 0.08801049296913789
241 0.028760260474697062
242 0.08897183799756078
243 0.06413195777672573
244 0.05820429780888315
245 0.030929550620565915
246 0.07727527286248854
247 0.07174497010532614
248 0.02399791845374366
249 0.022884348850329087
250 0.00992691246906215
251 0.046914270932245844
252 0.037256617373871245
253 0.07657421203751849
254 0.09229566786076178
255 0.07703514099606484
256 0.04873930214224845
257 0.06702761314531917
258 0.11008835747728879
259 0.09694621081492458
260 0.10852248037354989
261 0.08202281312918246
262 0.11816023210842277
263 0.19169045856533423
264 0.17274411828913638
265 0.14386092255259642
266 0.17966159842459659
267 0.11447422317099769
268 0.14696419569159902
269 0.13679035922191551
270 0.143993314448537
271 0.1492589967766601
272 0.13750791656206243
273 0.11300999391670931
274 0.12927414442182547
275 0.14192034331809883
276 0.1485432510955809
277 0.1456442729613719
278 0.11528096992604808
279 0.09564533991565041
280 0.05922474296752062
281 0.09702141634813018
282 0.09648312613584441
283 0.09540789922041402
284 0.0799686962023439
285 0.050776187269661904
286 0.074018992064586
287 0.06269478556473464
288 0.0676113169214736
289 0.12267356782683932
290 0.0570587329559937
291 0.11268795439229326
292 0.09269391126955072
293 0.07166500450889036
294 0.11136775506413642
295 0.1707941163040211
296 0.09733299393510346
297 0.139610078508875
298 0.11422217466961217
299 0.12686061964329123
300 0.08900298352523874
301 0.05928099083662061
302 0.03567712575020856
303 0.06360567981195302
304 0.06222089005882599
305 0.06078231656050999
306 0.05340399069543667
307 0.05140784051154262
308 0.0792172095047836
309 0.08351412441592942
310 0.08820856822403014
311 0.07957676254402671
312 0.039104434359805366
313 0.03258415025138143
314 0.0348306009016207
315 0.02988364141335256
316 0.024207963430309974
317 0.02514144893777723
318 0.027676649250365906
319 0.029949212608268855
320 0.07586984180690337
321 0.10921570219790035
322 0.08795702934741732
323 0.11871231093826977
324 0.06711166259890186
325 0.08359544069742227
326 0.05419530973825949
327 0.126846613741
328 0.11373638504485276
329 0.1449777689878673
330 0.11506488679614782
331 0.18851716613221334
332 0.1858108388195685
333 0.1817891214453312
334 0.18028166169291146
335 0.16070401287149264
336 0.1487748072305045
337 0.1397694488271179
338 0.12462942330327718
339 0.08944065266889444
340 0.09636541423246107
341 0.13841974282588002
342 0.13055530805978177
343 0.10391209144626651
344 0.14190965337349215
345 0.12819578611517812
346 0.1843619843169497
347 0.21986000809322653
348 0.172807975480981
349 0.15867596315293866
350 0.20053815694626806
351 0.13971579864266534
352 0.09236483904726801
353 0.14650576130778864
354 0.09560995563107443
355 0.10002124097297896
356 0.10314537821959505
357 0.13961333311539306
358 0.12794885242631748
359 0.14522555675953072
360 0.09954894522683709
361 0.14649545961355992
362 0.08561457701061545
363 0.12945798597475544
364 0.09055922419658251
365 0.040578582733677315
366 0.03648706895813403
367 0.06362381432316633
368 0.10343002781213279
369 0.08594131910988925
370 0.09554282229652149
371 0.08837467945063561
372 0.06253960808894533
373 0.06280773232078288
374 0.02750062691657563
375 0.0341864290435793
376 0.026530580764767695
377 0.032709886188737894
378 0.025746666804747326
379 0.06833230962081774
380 0.05856885349859542
381 0.06830115358151204
382 0.09827441256377305
383 0.06132231704271743
384 0.11313112265277278
385 0.12378201560941877
386 0.07946290379905599
387 0.036976841752970245
388 0.12564670355784763
389 0.10802849657408484
390 0.08890905057235128
391 0.03128114156204386
392 0.08589716675618538
393 0.07872324699329915
394 0.0546305800279497
395 0.10970563213078338
396 0.1912896259720659
397 0.14240189040945422
398 0.16970185834675514
399 0.12011219762717504
400 0.07607656935086062
401 0.14462362296963602
402 0.09417314228497732
403 0.11026637582617868
404 0.049718160236563815
405 0.048531300877525774
406 0.05080338349433919
407 0.054242456780819764
408 0.013295203996568696
409 0.013161403254250642
410 0.05720515352329761
411 0.09316834584432114
412 0.019818683194931058
413 0.07812969115991915
414 0.06076495795577034
415 0.0425393643899304
416 0.07291721693502663
417 0.05402803222550822
418 0.07755244143055337
419 0.06939577520466965
420 0.04564624291498025
421 0.06316636603580165
422 0.08202150713092789
423 0.05785613861796397
424 0.034289815839986436
425 0.05319211437855779
426 0.06182296135198664
427 0.04793925950465694
428 0.06944662176833688
429 0.10694364306949176
430 0.12362575297211321
431 0.11059926635817921
432 0.1353037552283549
433 0.1625223066191786
434 0.12712647429344537
435 0.14748799437997123
436 0.13962041726223157
437 0.18239290280430573
438 0.15588018158191383
439 0.1366828695309621
440 0.10147967446614312
441 0.12261837287301479
442 0.09786516987148704
443 0.0567630310202877
444 0.12461790450895205
445 0.09498451652034902
446 0.055695917343889755
447 0.09672631019188184
448 0.04513932604443276
449 0.061658341467286826
450 0.06607413256249314
451 0.126658713983348
452 0.10599075147132143
453 0.1321747487671322
454 0.15609444803750758
455 0.10823049456960378
456 0.07320091441316565
457 0.06789127121202151
458 0.12298337413439162
459 0.12912412929273911
460 0.139628362781915
461 0.10261988806704925
462 0.13250084616502508
463 0.13330649270748843
464 0.13265848922578272
465 0.09504115425321039
466 0.10324064877218157
467 0.1265956627428077
468 0.1063509253006132
469 0.12291085469422172
470 0.13809058433598828
471 0.22477531165617026
472 0.17863920131194486
473 0.17614559913121441
474 0.14213788854468748
475 0.10837958552130281
476 0.11572014338385778
477 0.11345115473203657
478 0.13988604769073382
479 0.08599185771942454
480 0.057393918658052365
481 0.07885617455623187
482 0.1116205145397367
483 0.08060062640569124
484 0.0902617081995178
485 0.1240974383119655
486 0.07636912486682328
487 0.07578222766995382
488 0.082718984361272
489 0.08211385797064488
490 0.16737929425043277
491 0.13721933724129773
492 0.10649550993477717
493 0.10115092414566816
494 0.09553320614327915
495 0.17134151774321774
496 0.15618453138098165
497 0.15882907543814623
498 0.16121539848035008
499 0.14412661726488968
500 0.15503615667835216
