0 0.0017619643439421057
1 0.0010594431713108322
2 0.0011581138652758673
3 0.003236098712855752
4 0.003955855642689734
5 0.0022465087419520353
6 0.0027531907927712345
7 0.0032855769354990867
8 0.002527303823883735
9 0.0014242233219181044
10 0.0011581138652758346
11 0.0030673279002037053
12 0.004352075381839916
13 0.0029981089130103468
14 0.003612684532140124
15 0.004196734689701278
16 0.0032721797295543233
17 0.0020730153476790514
18 0.001339981854919379
19 0.000757658485632919
20 0.002025871658868568
21 0.002928683491285057
22 0.003518819149266005
23 0.004542112017290432
24 0.002882252006251966
25 0.002545174978102721
26 0.002600394778308507
27 0.0022722625077114173
28 0.004167988780236442
29 0.0036561542897611257
30 0.001683955534270794
31 0.0012639450096039605
32 0.002456180254228324
33 0.00180120862390453
34 0.003978007886203271
35 0.0026724036438685755
36 0.0027924106016873392
37 0.003992162332505732
38 0.004614417128913658
39 0.003623777231652146
40 0.0014624764508481913
41 0.0013926268206887358
42 0.002867956812008119
43 0.00227549570176331
44 0.0019893693418809822
45 0.00222644571482234
46 0.0024988492100699485
47 0.0012162401617263163
48 0.0022458101224680465
49 0.00105986221017951
50 0.0012699049825874835
51 0.0019402949817595063
52 0.00156523342198862
53 0.0013258642406901583
54 0.0008659034011670646
55 0.0015054122102952795
56 0.00296816323187892
57 0.004701296911524798
58 0.004640435089287744
59 0.0025978141239831136
60 0.0020439257162467306
61 0.0023146754056692885
62 0.001809581322928764
63 0.0008621634270968986
64 0.0021814598156171747
65 0.0038083993191257394
66 0.004089538072038193
67 0.0026035955146576552
68 0.00236118008547423
69 0.0029622424907845626
70 0.0020134170679579474
71 0.0015895893324162893
72 0.0038665452654395006
73 0.004770565623158123
74 0.0038024862670735524
75 0.0028201675088923715
76 0.003255576497694729
77 0.003846317805846005
78 0.0026740431883858226
79 0.0015279790294708473
80 0.0023978946476412863
81 0.003090267709890608
82 0.004346523293415334
83 0.003287740870704397
84 0.00285340208675809
85 0.003331053847632334
86 0.002323669242493602
87 0.0017060774546018868
88 0.0039622370268913975
89 0.005019277755184778
90 0.004808889025978067
91 0.003763289775783887
92 0.0038138082083537337
93 0.003856997705773471
94 0.0029436378210606477
95 0.0026859412426415495
96 0.0015301347215374045
97 0.002136308727658872
98 0.0036631114230805317
99 0.004599786770080324
100 0.00465236491927214
101 0.00449834684177749
102 0.004007661892578265
103 0.0026859412426415495
104 0.0015301347215373176
105 0.0021221543972247663
106 0.002951700100019441
107 0.004480001894267383
108 0.004328183185333257
109 0.003824318933166264
110 0.003504799638948087
111 0.002676707961873818
112 0.0014753130435066367
113 0.003228683226505601
114 0.0017120948801174578
115 0.0026290417206969265
116 0.004516931069521588
117 0.0035383946717491496
118 0.0028959718499664824
119 0.0032952647133192526
120 0.0009497768599912071
121 0.0003538495040956416
122 0.002106701403315171
123 0.003219765301193991
124 0.004179250695419694
125 0.003559344207228689
126 0.003457889822833219
127 0.0029116474615301343
128 0.0013383904797678679
129 0.0033905929830665223
130 0.002432929309699535
131 0.0021098990993241085
132 0.0009897747896267272
133 0.0030986127002634195
134 0.004715489900919521
135 0.005364603251516044
136 0.005069032785593518
137 0.0036186161272308585
138 0.002718910367417169
139 0.0020408103373506185
140 0.0006225012315226299
141 0.002363167143222307
142 0.004328032363419954
143 0.005318205201450376
144 0.005839889105767723
145 0.004285000786236215
146 0.0029165345088690894
147 0.002043117889262663
148 0.0006467240188365741
149 0.0025582906375035447
150 0.005081444392158397
151 0.005417246303285174
152 0.005646627449115824
153 0.00451686525281464
154 0.004091609023576426
155 0.0035321507225666493
156 0.003508593131340816
157 0.0037787837415598205
158 0.001958685261727261
159 0.0028292210966751677
160 0.005268653978217428
161 0.0065476840729253
162 0.005407781551804005
163 0.003462312444603153
164 0.0022567308656156857
165 0.0016513452477340746
166 0.0009731845031940902
167 0.0033489745934651978
168 0.0057374798033719586
169 0.006678469449617268
170 0.005823525171646793
171 0.00384641470342955
172 0.0022567308656157095
173 0.0016513452477340746
174 0.0009202439836141872
175 0.0028389959351034603
176 0.005374339657573639
177 0.00668952254448899
178 0.0051354940534830045
179 0.003547742279390969
180 0.0025921163246887388
181 0.0023117033620536904
182 0.0014403656163374887
183 0.00284653480849513
184 0.005374339657573711
185 0.00668952254448899
186 0.0051354940534830045
187 0.0034719257324516074
188 0.002563590056142505
189 0.0024113885055436256
190 0.001692865782624486
191 0.002846534808495072
192 0.005374339657573711
193 0.006689889123771307
194 0.0051354940534830045
195 0.0034719257324516365
196 0.002563590056142505
197 0.0024113885055436256
198 0.001692865782624486
199 0.0028465348084951918
200 0.005374339657573769
201 0.006689889123771307
202 0.0051354940534830045
203 0.0034719257324516074
204 0.0025156855941542216
205 0.002461417257789748
206 0.0019296885156094854
207 0.0028465348084951627
208 0.005374339657573711
209 0.006689889123771307
210 0.005252325100268533
211 0.0034719257324516074
212 0.0025156855941542216
213 0.0024527340744395516
214 0.0021919945061048833
215 0.002846534808495166
216 0.005374339657573711
217 0.006689889123771278
218 0.005781700084049893
219 0.0042382336997194405
220 0.0030344572382817025
221 0.002629408723289499
222 0.002110068524166593
223 0.002846534808495112
224 0.005374339657573567
225 0.00668988912377135
226 0.005841573010701387
227 0.004444951143842796
228 0.003397847703741083
229 0.003007009332778679
230 0.002164368678185884
231 0.0028465348084952312
232 0.005374339657573567
233 0.00668988912377135
234 0.005841573010701387
235 0.004444951143842767
236 0.0033978477037410904
237 0.0030070093327786646
238 0.0021643686781855367
239 0.002846534808495112
240 0.005374339657573611
241 0.00668988912377135
242 0.005641500842077073
243 0.0038264579748437844
244 0.002818469903886187
245 0.002807482282320917
246 0.0032743353557379033
247 0.004336561252475493
248 0.005403789943843162
249 0.006101352353938745
250 0.005641500842077015
251 0.003826457974843741
252 0.002818469903886158
253 0.002807482282320888
254 0.0031180261188305442
255 0.004226538397623949
256 0.005395232072311008
257 0.006130336425742779
258 0.00567803101972123
259 0.0035722855867639483
260 0.002182139160065375
261 0.002886277163345082
262 0.004394413596596538
263 0.006249124956123256
264 0.006716782199256838
265 0.005851952208326435
266 0.005621428080680948
267 0.003946809908418263
268 0.0027180276047757816
269 0.002756251291348028
270 0.0029060333485725993
271 0.004613782511352734
272 0.005037480206990725
273 0.005585062020518884
274 0.0056306703759356844
275 0.003952173560015343
276 0.0027190868267644107
277 0.0028633368453812877
278 0.0035397996981675
279 0.004934897283317204
280 0.004599485087844176
281 0.004259228173749134
282 0.004467014907684754
283 0.003991489129435782
284 0.003098811580900237
285 0.0033475753183506173
286 0.0033414973738278577
287 0.004952448995843046
288 0.0047003220815678174
289 0.00432963264599992
290 0.004728021232444679
291 0.004556632581491387
292 0.003962237066854252
293 0.0036925801330776648
294 0.0027069033630775993
295 0.003008228187404562
296 0.0033355171348767084
297 0.0035985688931502967
298 0.004054007716335577
299 0.0036770938427248203
300 0.004136229976291818
301 0.004207526030499106
302 0.0032356806982377874
303 0.002649892310961881
304 0.002147796529800395
305 0.002126861953367526
306 0.0031913530554386975
307 0.003972507986524309
308 0.0032752081816992597
309 0.0027607593083714484
310 0.003113191576818631
311 0.003133982701660383
312 0.0027688591511706127
313 0.002159680869767465
314 0.002801027055558927
315 0.004180937097453611
316 0.0034666550396110726
317 0.002903118736526931
318 0.003015140313118083
319 0.003272580704604673
320 0.0033369289860569603
321 0.0024768596510383787
322 0.002751270063781109
323 0.004143208926251952
324 0.003316629649661009
325 0.002903118736526931
326 0.0030014623881743975
327 0.0032824422699014115
328 0.003326449021493217
329 0.002476859651038328
330 0.002751270063781167
331 0.0041432089262518935
332 0.003316629649661009
333 0.002903118736526931
334 0.0031777774751083915
335 0.003396505436590745
336 0.0032849654704216673
337 0.0026892823890703483
338 0.0031415768930391657
339 0.004322963833539866
340 0.004208117445653589
341 0.00487712978127691
342 0.0050821569827442375
343 0.0041201559630081866
344 0.0036348287881171285
345 0.002589805653485862
346 0.00366482486287447
347 0.005666690118722616
348 0.005423510912832558
349 0.005445862833888177
350 0.004271140422097634
351 0.002644401602399228
352 0.0020907120856888503
353 0.0021860006194391354
354 0.0040056044200723
355 0.006081594908597711
356 0.005796935123125295
357 0.006132988542252241
358 0.005053755600377117
359 0.003460218822455891
360 0.001658472308389786
361 0.0021455828734813424
362 0.0045549235460852905
363 0.006353195151521919
364 0.005376913973012493
365 0.006012515538282023
366 0.00500712943387396
367 0.003619916137187474
368 0.0030770343170809502
369 0.003449283111715753
370 0.004336347088683417
371 0.005377188777640349
372 0.0050102215165593105
373 0.005013056148144976
374 0.004937848622109645
375 0.004074111108449662
376 0.003331257734327151
377 0.0034473500981022976
378 0.004025446840214742
379 0.005080371150591359
380 0.004860154831511507
381 0.0047213226875736465
382 0.004446849306413156
383 0.003913264391023216
384 0.0032893527138525927
385 0.003449283111715594
386 0.004190902750161716
387 0.004815925620469607
388 0.004945344423150387
389 0.0052118815033801325
390 0.004671932584169581
391 0.0037350329539374704
392 0.003314891346061393
393 0.0034401756430121806
394 0.004171997796573555
395 0.005297548179328912
396 0.0051765783509775095
397 0.0052084951424837735
398 0.005241044757120251
399 0.004338841846219704
400 0.0033380078612720156
401 0.0034492831117156806
402 0.004007013213598315
403 0.005004590226386288
404 0.005626071108250442
405 0.005772789837569404
406 0.005295077879707146
407 0.004908114734420121
408 0.0033380078612720156
409 0.003448603273938391
410 0.0042962763397051155
411 0.004943856422441282
412 0.005041082286895257
413 0.005275919777975175
414 0.005207331049108102
415 0.004353978809146978
416 0.0033380078612719574
417 0.0034473500981023557
418 0.004025446840214727
419 0.005256404684087858
420 0.005525896698667425
421 0.00532150268560612
422 0.005198019060558288
423 0.004351570278993092
424 0.0033308694124997407
425 0.003449283111715724
426 0.004190902750161658
427 0.004817186553520737
428 0.005221688387348118
429 0.0056510898522395036
430 0.00561796061775301
431 0.005281813882411795
432 0.003338007861272088
433 0.0034401756430121806
434 0.004171997796573511
435 0.005310113056443336
436 0.005830187263949586
437 0.005727318182106025
438 0.005547157836402388
439 0.004679279647119231
440 0.0033380078612720012
441 0.003449283111715724
442 0.0043203766901386016
443 0.005384778323570295
444 0.0058216864655026256
445 0.005821402692236506
446 0.00550938441317593
447 0.005115432589072709
448 0.0032402792925514735
449 0.0034991260128511012
450 0.0043203766901386016
451 0.005430378023069652
452 0.0061180503456810835
453 0.006133586943445934
454 0.005934059751254741
455 0.007262818234695409
456 0.0070776611830360965
457 0.006008823612417268
458 0.002706364812380366
459 0.003053392333454158
460 0.003840178621288655
461 0.005196939767324304
462 0.006721720956715489
463 0.00691937677768789
464 0.007069784007281274
465 0.0059659175864752185
466 0.0027200927105464883
467 0.003725877309735305
468 0.004734238128748592
469 0.005686026968642147
470 0.006508858320539623
471 0.006468482464310866
472 0.006048711695041976
473 0.005939032152760058
474 0.002051388140864381
475 0.0019043398189814065
476 0.0033817166142390766
477 0.005413355364248921
478 0.0063590236468312675
479 0.006467848019341694
480 0.006095784730241314
481 0.007815114926081427
482 0.007418401702725918
483 0.005627136042625181
484 0.0028203899624221385
485 0.0028693685916858524
486 0.0050018158585376
487 0.00599082614916582
488 0.005993935901595552
489 0.005491816148155457
490 0.0066202015076264895
491 0.006400976366620353
492 0.006185188470465518
493 0.0038464600788226935
494 0.0032598886442013497
495 0.005323854289968099
496 0.005943314388100891
497 0.005797604127799961
498 0.006585919133927882
499 0.005442021067526311
500 0.005472010118215572
501 0.0038464600788225773
502 0.0032598886442013063
503 0.005466490813276295
504 0.007063486945027489
505 0.007312346089957524
506 0.007416889556865239
507 0.005426940605620163
508 0.005427840760576427
509 0.0038464600788226497
510 0.003043043401571813
511 0.0050699972243323415
512 0.007005392906929839
513 0.0075753679891782475
514 0.008005412010440673
515 0.005899433886998401
516 0.005759478188373204
517 0.0035990119920313104
518 0.0029682903891201946
519 0.00527749248229334
520 0.007111625854987385
521 0.0077636456360936105
522 0.00650611541006087
523 0.005269614691846682
524 0.004392729795758629
525 0.004358949128686359
526 0.005086358479036936
527 0.006175450262285063
528 0.007256597475822513
529 0.00704053554816283
530 0.005237118285033782
531 0.006679168896301883
532 0.0075523037188659345
533 0.006059587880443839
534 0.005849984691489184
535 0.006161161845174118
536 0.007259718274136696
537 0.008015333201486532
538 0.007884546401927211
539 0.007446810268734125
540 0.005005323509556083
541 0.0031712521585211427
542 0.006670321700915349
543 0.008780268210012966
544 0.008812397863145733
545 0.008008833484614947
546 0.006746286153622146
547 0.0067159448561149426
548 0.00673471130701795
549 0.00554098341809206
550 0.004795871981857661
551 0.006957190323196795
552 0.009375831479838984
553 0.009482180527543722
554 0.007808186753667906
555 0.006059461782173105
556 0.005946862169657662
557 0.005445542011618165
558 0.00579778475730857
559 0.007135744961846584
560 0.009124384403893817
561 0.00948218052754378
562 0.007808186753667876
563 0.006059461782173077
564 0.005641243189879259
565 0.005388940563417229
566 0.00548124928671271
567 0.004488377347333255
568 0.005711751645965979
569 0.00901340816149382
570 0.011073752808618949
571 0.009938118917676972
572 0.008703181151316937
573 0.008545421090709325
574 0.008083680853258553
575 0.007469317179273642
576 0.007209612147608752
577 0.008430420176168952
578 0.010823000029821762
579 0.009796387728106377
580 0.008733321062004945
581 0.00818680489763409
582 0.007829048170553132
583 0.007485313263198859
584 0.008325372310163694
585 0.008547865157185546
586 0.00987181518869793
587 0.010624081698695706
588 0.010600759091317958
589 0.010612735733833586
590 0.010464363109275917
591 0.007935019019657746
592 0.009026449747899656
593 0.009659455858941084
594 0.010352276916012574
595 0.010940492992891609
596 0.009379611723208859
597 0.008947595712566456
598 0.009040376144509032
599 0.00916050372590385
600 0.007894668148466892
601 0.00898001157768824
602 0.008748628022944368
603 0.00905750556448185
604 0.008382090576566737
605 0.007718685201765295
606 0.0075796181882861165
607 0.007816983586861871
608 0.008046725319074069
609 0.008409594229554862
610 0.009191126482028427
611 0.009546581794979287
612 0.010152644944456581
613 0.010023835773994768
614 0.010187600273493122
615 0.008316674399573893
616 0.008723314617037207
617 0.009538387586819649
618 0.009777076194648685
619 0.01094101357300207
620 0.011073420318893967
621 0.009982235028138999
622 0.010519581185402837
623 0.008316674399573877
624 0.008724447217705057
625 0.009291323702423488
626 0.00952328760997746
627 0.010103313503931935
628 0.010092966059858703
629 0.00924602869370156
630 0.009255235850040119
631 0.007684772167329327
632 0.008168207544190715
633 0.00925306924173373
634 0.008753070247905526
635 0.00938459578885923
636 0.009650699721326433
637 0.008986273467723334
638 0.008854342893812903
639 0.007684772167329338
640 0.008168207544190774
641 0.00874425452261833
642 0.008410684622988504
643 0.009342306918306958
644 0.009448337815223268
645 0.01032032395950325
646 0.01020038382995163
647 0.007684772167329417
648 0.008008661476018792
649 0.008289548240189733
650 0.008260117585019358
651 0.009872127354025251
652 0.011265531626571018
653 0.012393981374374845
654 0.011696666531388152
655 0.007684772167329465
656 0.00816691304129011
657 0.009179740749239652
658 0.008871239984770305
659 0.010488761295050516
660 0.0115702565070977
661 0.011960694461842534
662 0.011621442871056036
663 0.007682132780216099
664 0.007210648658533401
665 0.0076076972883686355
666 0.007419496227133066
667 0.009735862550669591
668 0.011375065579505295
669 0.012420346172286417
670 0.011752742959199413
671 0.007682132780216055
672 0.007210648658533401
673 0.007971380591924876
674 0.008808480809265249
675 0.011366505682996346
676 0.011505364140945174
677 0.012873305342285568
678 0.012403570088142314
679 0.007682132780216055
680 0.007210648658533401
681 0.007978589861034547
682 0.008738339998779522
683 0.010874126507577029
684 0.011505364140945174
685 0.012873305342285769
686 0.012403570088142194
687 0.007732951846076444
688 0.0075878569096354985
689 0.007926539647012976
690 0.008106142753604889
691 0.010283541316557813
692 0.012099747017329918
693 0.012497733864721116
694 0.012435969659276668
695 0.007732951846076474
696 0.0075878569096354985
697 0.007921275571108015
698 0.008753199269232632
699 0.011342020616828033
700 0.012343486691421513
701 0.0125262296633429
702 0.012252255984104557
703 0.007732951846076777
704 0.0075878569096354985
705 0.007993320757490381
706 0.009227090808413494
707 0.014228007235552299
708 0.01594424856578038
709 0.017154104258506955
710 0.01502744470004981
711 0.007732951846076734
712 0.0075878569096354985
713 0.008870093742651174
714 0.011403614892318973
715 0.015973741425997143
716 0.01652384206741062
717 0.013928488933630403
718 0.01786952389914311
719 0.020022384962966867
720 0.016895453799911326
721 0.009996037775974189
722 0.009192584141808971
723 0.008889230005999674
724 0.010837206358339279
725 0.01671837230107928
726 0.02081667699618735
727 0.022143206558829124
728 0.017319785286185153
729 0.009704029692824967
730 0.008937856808976836
731 0.008637640245545032
732 0.009917601528592626
733 0.015615693318752719
734 0.01872256396475633
735 0.020206147858844732
736 0.01698965703508138
737 0.00957264627964517
738 0.008268496675079243
739 0.008176489909579887
740 0.010533140487540843
741 0.015729087212800887
742 0.01922324513178811
743 0.022086918223576595
744 0.017355436011891438
745 0.009572646279645198
746 0.008268496675079257
747 0.008133094815222596
748 0.010689025196172276
749 0.017666659170045368
750 0.02283296321242685
751 0.02743812246751921
752 0.021838964139756518
753 0.009572646279645214
754 0.008268496675079286
755 0.008329334306210015
756 0.013530302242730458
757 0.021501853022364972
758 0.027118184250517256
759 0.03274483655348857
760 0.023573386279302125
761 0.009338399057561257
762 0.007956794996274826
763 0.008075897356090891
764 0.01576923829523468
765 0.027379807053638367
766 0.03396356623224493
767 0.04090477650175527
768 0.02558984649467204
769 0.009338399057561371
770 0.007956794996274826
771 0.00807679162227545
772 0.01843863748001062
773 0.031035253697849173
774 0.03856024928069085
775 0.04352978158256514
776 0.02531467229423739
777 0.00948878607901554
778 0.008092103068784473
779 0.007049469759504785
780 0.006750092200085376
781 0.017030272768796314
782 0.030223530826630412
783 0.038008718873152894
784 0.0383762060266202
785 0.02319050495902809
786 0.009966075737953566
787 0.008135903712879781
788 0.007119723681654898
789 0.02043148784621445
790 0.035831854979590363
791 0.04276848593573686
792 0.040350349005708365
793 0.023245068684886076
794 0.009966075737953594
795 0.008135903712879752
796 0.007119723681654898
797 0.02022208799748928
798 0.03658922420563459
799 0.044093531694538286
800 0.043023473052858544
801 0.023680943295349182
802 0.009981544568025618
803 0.008615256464329002
804 0.008031923641157897
805 0.0212469397704441
806 0.035541271133700675
807 0.04451088120638736
808 0.042263572685622273
809 0.023405395565456
810 0.009981752160705704
811 0.00897390671987357
812 0.009201108973294339
813 0.021151354363101376
814 0.03387395027568728
815 0.04238554601707018
816 0.04424496251006878
817 0.024433593547231916
818 0.00998175216070582
819 0.009130215639768638
820 0.010599684384777687
821 0.025973023565017267
822 0.04062297078494878
823 0.04813336230963415
824 0.04664414998019593
825 0.024464793493290667
826 0.00998175216070588
827 0.009538604212267559
828 0.01018428688172856
829 0.024908771728553377
830 0.037744067908148694
831 0.04466613675005726
832 0.04575713239584309
833 0.0245842375179154
834 0.009981752160706023
835 0.010772760884575593
836 0.013460256457987424
837 0.03043568613127539
838 0.04303484539380396
839 0.049034497922482115
840 0.04865644732314977
841 0.024572331439705688
842 0.009716704781464431
843 0.009141429225919121
844 0.012732446389148005
845 0.030408716004510707
846 0.04395264726730112
847 0.0479844278040552
848 0.04354691924324866
849 0.023921020383059294
850 0.009716704781464488
851 0.009767025654953892
852 0.014784114729450782
853 0.027834242894312446
854 0.03949265345718079
855 0.04112811098268039
856 0.03694065804436391
857 0.02323806317244132
858 0.010018647601222098
859 0.009569275179359538
860 0.01165270568246093
861 0.01835133963233362
862 0.030311396911523965
863 0.038763051690457254
864 0.041582730592504655
865 0.024768452829041082
866 0.00971744613588416
867 0.009115331845089735
868 0.012496621980960031
869 0.026314683676367433
870 0.03925655850146868
871 0.045522803979467535
872 0.04262156415208461
873 0.024400546025113688
874 0.009717446135884145
875 0.009115319926093062
876 0.011123381402059908
877 0.020951129169230753
878 0.019485290661401096
879 0.019432426595124085
880 0.018838216838733338
881 0.01775561527439632
882 0.016571150003797424
883 0.03513245359325832
884 0.038456001776246404
885 0.040399088459569917
886 0.03262319275748726
887 0.011366132469610537
888 0.00885504077855102
889 0.010224004392862201
890 0.020048328458810438
891 0.042761393739237444
892 0.05026857263381939
893 0.0503389029385102
894 0.03596524245159764
895 0.010915765957111152
896 0.00815033292467936
897 0.01021657474665096
898 0.0207505088674219
899 0.04004212724311755
900 0.044934580501926356
901 0.04578501213271513
902 0.03528065923531275
903 0.010915765957111035
904 0.008150332924679303
905 0.010256797894487532
906 0.009387362195290037
907 0.017391143549013725
908 0.03682709360369415
909 0.04333330421378362
910 0.04581737683383888
911 0.034616868377561144
912 0.010442988902614074
913 0.006063658143560711
914 0.007267533424059973
915 0.015348112082107911
916 0.013695866063848145
917 0.01223877481172373
918 0.011009898615335858
919 0.02909126300045376
920 0.03716926748443797
921 0.040018074915698615
922 0.03479215150817778
923 0.010796101169348064
924 0.004631595062094299
925 0.005419902069926997
926 0.011890604963563586
927 0.031141512375345935
928 0.03654305533569418
929 0.0389257085682098
930 0.034586199340215715
931 0.010673905458028194
932 0.004235785394097246
933 0.006081109418965521
934 0.01589922559154055
935 0.0391395233154502
936 0.04542189200415001
937 0.047596569187551854
938 0.03821695038143529
939 0.010673905458028128
940 0.004235785394097246
941 0.005676142534821427
942 0.014998657563448214
943 0.014015802762621874
944 0.012145607744098398
945 0.03227290130943309
946 0.04258914249875174
947 0.046504963704450016
948 0.03626687370768307
949 0.010489147483475717
950 0.0037677212823333515
951 0.004888533757077433
952 0.01050576278706871
953 0.008738782355918602
954 0.007063881859082233
955 0.006176831290869435
956 0.005940602957530773
957 0.025587209334919078
958 0.03744463474116274
959 0.043134915756329266
960 0.03709019548104103
961 0.013568364300956341
962 0.003773180539893727
963 0.0027755727247282653
964 0.0018897687024386578
965 0.006617760256784468
966 0.02586432925155047
967 0.03566071669173899
968 0.037701804883633665
969 0.03480755702028629
970 0.015293863314797013
971 0.004570364845239498
972 0.0017637597245289806
973 0.0036478615777652016
974 0.0024297648045697225
975 0.02045803400248476
976 0.03536479461045083
977 0.0433719553501113
978 0.042048807560017006
979 0.01580888514384789
980 0.00513807826896727
981 0.002554744028218928
982 0.003351823417326794
983 0.0037725167419007588
984 0.004353741658706615
985 0.0019192194338854079
986 0.003631732860975525
987 0.006011282612734531
988 0.006383487393572465
989 0.004155343773253813
990 0.0021201401582867934
991 0.0015817633029727375
992 0.004774058741278817
993 0.006211824874282537
994 0.00791699956425268
995 0.005208679121281051
996 0.0038170222769980207
997 0.001829224405387022
998 0.0017629498721578093
999 0.0010248650319445542
1000 0.0012442590731678938
