0 0.14430913484476154
1 0.021029668895529798
2 0.05737013863251585
3 0.01809907190085502
4 0.06210300872834717
5 0.06766102559265084
6 0.03371561395992914
7 0.056540786478157586
8 0.052187026844580015
9 0.10608720508358832
10 0.1364797226233796
11 0.09770386767345456
12 0.0787554081854701
13 0.027211603922744795
14 0.009060638983870616
15 0.05693251748419815
16 0.02386392760281028
17 0.02512739075668542
18 0.0788240035073268
19 0.04958599872627167
20 0.0034019891761555166
21 0.014815576925021032
22 0.03497715052170566
23 0.1356961855247306
24 0.1176967072478249
25 0.12505670767976418
26 0.09631484504979163
27 0.06989087532732131
28 0.06750304134642214
29 0.04527274526866609
30 0.05078153083864553
31 0.2197109691745001
32 0.19827816625425917
33 0.12250463757005214
34 0.05955694856236843
35 0.056957227726011535
36 0.03772418978130224
37 0.0633369538618361
38 0.04623823590808735
39 0.022407024880340954
40 0.021708201542157943
41 0.05455789890630121
42 0.024644433972118764
43 0.04311949595962407
44 0.06910012853946919
45 0.12447314482695418
46 0.1164001873800224
47 0.048731362595311134
48 0.08883335101793205
49 0.08893672436771553
50 0.00034348936835325474
51 0.00549732249478242
52 0.06607795980990394
53 0.12651977115746962
54 0.16630831275039412
55 0.1939800148759453
56 0.20012059885679848
57 0.13306708915297163
58 0.04787509184276865
59 0.03274748563727372
60 0.050587240434074025
61 0.004856493708731895
62 0.012625307740829421
63 0.06381702477375478
64 0.01800714085762188
65 0.018891639742660664
66 0.07644593192887982
67 0.05249311841378429
68 0.11917787385983075
69 0.1236530723394498
70 0.21900813636293892
71 0.10032323337220656
72 0.011236689968082992
73 0.06689569253785352
74 0.02839793460123149
75 0.06600388193679801
76 0.15041067889116164
77 0.062285177870640085
78 0.021070779411404405
79 0.04335922599041414
80 0.07187976566065929
81 0.13119318218921766
82 0.08469574782946214
83 0.17593231617133864
84 0.08653343956362151
85 0.1516813723946444
86 0.07554434463971417
87 0.002619322920241882
88 0.0005010632536140713
89 0.1330475255950029
90 0.0990204631002596
91 0.07105493024675309
92 0.03131775148851638
93 0.03375961603656525
94 0.09987555355489537
95 0.13824645658220366
96 0.14936736227842715
97 0.0554102986012893
98 0.029725261516334228
99 0.0587437899736804
100 0.0348271463261983
101 0.0250574448992079
102 0.013769010315275654
103 0.04287229105710569
104 0.006534855989381163
105 0.07146847785549333
106 0.11079015938726997
107 0.09336105523000214
108 0.00202826761835317
109 0.03266704812846305
110 0.05077272016356594
111 0.07472766347900692
112 0.1502164396475719
113 0.13478359225281372
114 0.08703251363278693
115 0.09881149940796323
116 0.10117307826667611
117 0.06901946853609388
118 0.023610281239320942
119 0.07536148810320736
120 0.0786663164424271
121 0.13113018820224764
122 0.07210913194989371
123 0.0012075026615369444
124 0.05294655049023533
125 0.06559605180757028
126 0.01518517173393545
127 0.08451897487597104
128 0.006836398010418401
129 0.0332059918153634
130 0.08443209067977403
131 0.07408161917916217
132 0.07109680132638234
133 0.01526518721635795
134 0.020609469535609017
135 0.055359153598618864
136 0.08606424975451192
137 0.039313943660829895
138 0.02145457213521766
139 0.0250678308612196
140 0.05342980557940335
141 0.0648290956914477
142 0.05891982749199951
143 0.05066312309457644
144 0.026791344423258822
145 0.0213180339044441
146 0.0042006266007030835
147 0.07584065776192374
148 0.1272126009482752
149 0.0908830997549412
150 0.08046262621049138
151 0.07769524020034622
152 0.01541254484981407
153 0.004846062799343174
154 0.01881504801590672
155 0.02885037612863476
156 0.030955345814688236
157 0.048329000349239586
158 0.08716622968958587
159 0.10958702624591397
160 0.12112522266926593
161 0.021454268390002005
162 0.01990614262782548
163 0.10808321881524777
164 0.16200424180982556
165 0.14303471943331053
166 0.12591348916881553
167 0.09863341130038741
168 0.18317381616732553
169 0.11703053575365646
170 0.10869703782031082
171 0.17629858083425506
172 0.18223006097386105
173 0.05755196867294124
174 0.012810516543204736
175 0.007419924791211912
176 0.03978315964876468
177 0.08850126483549112
178 0.004719320869400071
179 0.015728850583206718
180 0.025922464489282166
181 0.019883050517620716
182 0.040654544564691586
183 0.025036418024346797
184 0.004433909272663732
185 0.092617372059482
186 0.023365063301534112
187 0.09548959321899236
188 0.10601981850219167
189 0.07552506172500925
190 0.041560601991182396
191 0.09496404680943131
192 0.10282456696192646
193 0.14857481028722566
194 0.06493760779027055
195 0.05847900913127736
196 0.01567967431634616
197 0.1567519284048063
198 0.10612611227611218
199 0.12613841311851043
200 0.00061034618603099
201 0.037818510269119705
202 0.008771781637847477
203 0.060398509977772276
204 0.08743784297590187
205 0.007481181580220666
206 0.041155739573924766
207 0.0334058471524766
208 0.062154785266491916
209 0.0070281042036084585
210 0.013789154119141635
211 0.020354539420799216
212 0.08364654804954927
213 0.025223934909496867
214 0.059165867554105314
215 0.11575476371068066
216 0.10703062964175679
217 0.1282390178090345
218 0.09282997751535937
219 0.09376650932400928
220 0.10201295117697701
221 0.0290518214796485
222 0.049136194731878344
223 0.09777266763319555
224 0.08531190795637258
225 0.10864229678757548
226 0.09976629339293928
227 0.059265461206791464
228 0.053296430823801984
229 0.0012777660293400816
230 0.0007837335628305131
231 0.06663481389205414
232 0.03701182775211109
233 0.06081487479699069
234 0.05452041629889823
235 0.0502450232856678
236 0.06988906264808324
237 0.09046754873451135
238 0.06247233627394294
239 0.025268785627697445
240 0.07145304695221806
241 0.10724685798272203
242 0.06803818473001774
243 0.0462716172818753
244 0.01417587373840469
245 0.037249039778300116
246 0.020940176797238697
247 0.1367589979499089
248 0.14318409530949597
249 0.12806934656633412
250 0.08828796769020851
251 0.10094916679767461
252 0.02188279287131381
253 0.013876587901744213
254 0.11077270147657099
255 0.09303057824340433
256 0.007925057730138121
257 0.029142994465378474
258 0.0037137579059169303
259 0.011434817866667373
260 0.016831651384042398
261 0.032435379702225035
262 0.05241586536432649
263 0.0830052608683678
264 0.11728142284728171
265 0.11358226491348183
266 0.06520903510994057
267 0.057615995420915216
268 0.13638442171941093
269 0.020682295078733363
270 0.04490007916005097
271 0.015843186913122045
272 0.09265085502801754
273 0.05076739310625394
274 0.14611690852085818
275 0.0016882277927618738
276 0.04365919142994369
277 0.06913635452356309
278 0.054206895676553145
279 0.08419259827354847
280 0.1054003604311275
281 0.041511569252119546
282 0.08286706556524483
283 0.02284557288023465
284 0.05032648341768162
285 0.061380366993553134
286 0.04412074408625986
287 0.05435093034329262
288 0.11325903217481764
289 0.12132744156330609
290 0.17255691305493095
291 0.14991414838497424
292 0.07331348599901792
293 0.07951322518435902
294 0.06015834583149295
295 0.039061933100677064
296 0.03564311769990367
297 0.039921083299449565
298 0.009003360513611017
299 0.007666295006546044
300 0.08298619412777022
