3.4641016151377544 0.4713372395928842
103.46410161513775 0.506321348876811
203.46410161513776 0.5077287326018319
303.46410161513774 0.5068592118518058
403.46410161513774 0.5242842120113669
503.46410161513774 0.5393549310282807
603.4641016151378 0.50109355212607
703.4641016151378 0.5010178347378522
803.4641016151378 0.536071274722465
903.4641016151378 0.5264898681625132
1003.4641016151378 0.5278640977754968
1103.4641016151377 0.5420136824986153
1203.4641016151377 0.5259155628846319
1303.4641016151377 0.5292153423115356
1403.4641016151377 0.5544271759575428
1503.4641016151377 0.5401626546053152
1603.4641016151377 0.5119016797120554
1703.4641016151377 0.5500521847852126
1803.4641016151377 0.5577812538309842
1903.4641016151377 0.5339490582307632
2003.4641016151377 0.564299429816123
2103.4641016151377 0.5425392989506697
2203.4641016151377 0.5807035875342256
2303.4641016151377 0.55030165891905
2403.4641016151377 0.5772004387159108
2503.4641016151377 0.5586532933726261
2603.4641016151377 0.5537685786267735
2703.4641016151377 0.5826947955580418
2803.4641016151377 0.5700549227580338
2903.4641016151377 0.5679281351342003
3003.4641016151377 0.5725075901971719
3103.4641016151377 0.558394385200257
3203.4641016151377 0.5872782890501903
3303.4641016151377 0.6027942130488806
3403.4641016151377 0.5865522053108467
3503.4641016151377 0.5857916960666851
3603.4641016151377 0.6273585314089424
3703.4641016151377 0.6710438971117669
3803.4641016151377 0.5993727251546662
3903.4641016151377 0.6068029861072994
4003.4641016151377 0.6097328515893363
4103.464101615138 0.5977201726054896
4203.464101615138 0.6201202946010614
4303.464101615138 0.6312294943201339
4403.464101615138 0.6223227467413693
4503.464101615138 0.6591079721443854
4603.464101615138 0.6270009931601944
4703.464101615138 0.6582116089882702
4803.464101615138 0.6057036591467668
4903.464101615138 0.6292113191488525
