0 0.7070493874615443
1 0.5709984192430275
2 0.42771280825558655
3 0.39876835867279437
4 0.3796003225920822
5 0.4253055116069911
6 0.48348256704835385
7 0.5558042867947638
8 0.5165796744999763
9 0.5238294159124497
10 0.5311496619534661
11 0.5580901776910863
12 0.5569692360444194
13 0.510322479689256
14 0.5662915009833938
15 0.6376644377958999
16 0.6033673541859209
17 0.6048687740566792
18 0.5662270204025942
19 0.5617416033320036
20 0.5331816648816224
21 0.5820000317540653
22 0.5516769749868747
23 0.4770902863685227
24 0.461022607885716
25 0.5004638648018255
26 0.46228548597174157
27 0.5523184122427941
28 0.47455978623972506
29 0.35789251004202854
30 0.45867372935721634
31 0.5106831071412877
32 0.5418105914443437
33 0.5047671525978117
34 0.49504767260355653
35 0.5219102826955571
36 0.4167651328558848
37 0.6650389762967132
38 0.4858466719418355
39 0.25507992966853077
40 0.4725290677070085
41 0.5018535560274201
42 0.441676403682573
43 0.416961452774943
44 0.30758631622222665
45 0.3083608994182215
46 0.42872088518792906
47 0.4009826792786413
48 0.2366771496557089
49 0.4372962706207857
50 0.40802520248055335
