5 0.364484 0.345247 0.395144 1.35195 4.53936
7 0.897011 0.236069 0.897752 1.2 6.59607
8 0.857672 0.249673 0.814246 1.2 7.49726
10 0.850508 0.224588 0.760726 1.25 9.19105
12 0.65753 0.317839 0.351005 1.8929 8.0848
14 0.776283 0.249164 0.134884 2.2681 7.88479
15 0.761682 0.263423 0.0866728 2.33269 7.80037
16 0.676623 0.284132 0.113585 2.89165 7.93898
18 0.677506 0.249986 0.1041 2.97992 7.73668
22 0.713543 0.229659 0.0685031 3.47194 8.08784
26 0.615775 0.231568 0.0812388 4.3876 8.25099
30 0.646738 0.236615 0.0677023 5.0654 7.81175
35 0.69166 0.173137 0.0745522 5.56649 7.948
40 0.615445 0.18271 0.0561717 6.94927 7.53655
45 0.653336 0.195824 0.0602676 7.3771 7.44359
55 0.5945 0.11978 0.0485676 9.0469 7.67022
60 0.611569 0.196029 0.0429781 10.7727 7.86921
75 0.594772 0.14672 0.0496266 12.2851 7.50696
85 0.593192 0.15142 0.042882 14.0594 7.23694