6 0.2788228030623872 0.2788230412768949 0.9999991456426748
7 0.34006256702121807 0.34006285755641147 0.9999991456426748
8 0.42722819998233175 0.4272285649881858 0.9999991456426748
9 0.9490670728555506 0.9490678836986491 0.9999991456426748
10 0.9734476693868714 0.973448501059729 0.9999991456426748
12 0.9610060794051597 0.9610069004484447 0.9999991456426748
14 0.9068379997329011 0.9068387744972509 0.9999991456426748
15 0.8856377116234578 0.8856384682751707 0.9999991456426748
16 0.846260040054749 0.8462607661042075 0.9999991420499594
18 0.550113813143889 0.5501170722511421 0.999994075611506
22 0.3556413466097274 0.3556596798787001 0.999948452776601
30 0.28865687686090596 0.28865687686090596 0.998843243130776
45 0.12452270716167257 0.1969342756418241 0.6323059140205197
