0 0.6822283051549627
1 0.6276061138617675
2 0.584647774086361
3 0.4944084421397864
4 0.5347168175133137
5 0.5055572812016951
6 0.5199961057114295
7 0.5284615308465301
8 0.5424643840810799
9 0.5482975386682505
10 0.5053177377736355
11 0.4975616303315148
12 0.5374704836173307
13 0.492567535179286
14 0.5100230509615459
15 0.508127083141475
16 0.48619446087844054
17 0.49454831284142314
18 0.46827858349657603
19 0.453739563326996
20 0.488808196662037
21 0.5594317382407206
22 0.5185454089885109
23 0.45212647349684587
24 0.48510488222289394
25 0.41452229728831724
26 0.4140678292652512
27 0.407382292027029
28 0.42485368722763406
29 0.37309769881902416
30 0.4241963012401772
31 0.406556895527354
32 0.4486235556588335
33 0.3810073921509604
34 0.4407612328905543
35 0.5059181525147822
36 0.48972093992702365
37 0.47975956327537633
38 0.47183302698954427
39 0.42744125933545796
40 0.3886680424601872
41 0.3675730542631621
42 0.41631797171744517
43 0.384960446579493
44 0.37694736952055247
45 0.36569030828085985
46 0.407460717199831
47 0.4207720396867404
48 0.3818114195351846
49 0.38634489200337085
50 0.4119213750779398
51 0.44546792747356767
52 0.5100010731849334
53 0.485089238134087
54 0.471415450394917
55 0.46949652125780855
56 0.4483961437344089
57 0.45347419209429607
58 0.48530912656997016
59 0.5008782022322924
60 0.5144336231001934
61 0.38197585558190694
62 0.44083462395848594
63 0.5261332797841329
64 0.5034607102130417
65 0.6148940237818251
66 0.5047992679851612
67 0.44700924816004983
68 0.439653597398957
69 0.45951050413950006
70 0.5013066130764131
71 0.5286185273774182
72 0.5068600664548579
73 0.6575918201179533
74 0.49942787823047363
75 0.4807743508569768
76 0.44403231933962894
77 0.5486810512629858
78 0.5744337318839075
79 0.580813709954924
80 0.5536766877939308
81 0.4138761456978613
82 0.38935856730174
83 0.4576350576789678
84 0.495408163602918
85 0.5847981744821785
86 0.5256991485352059
87 0.3839061849776521
88 0.37806836529219
89 0.4858350956152955
90 0.5330350747254375
91 0.5215180705614676
92 0.41104836615556284
93 0.5017224419178852
94 0.5424288900289669
95 0.5256036352562303
96 0.4391274785494649
97 0.4667371814466426
98 0.4273873554757442
99 0.4553478906696261
100 0.513625663640619
101 0.4893446980330095
102 0.5480741703205528
103 0.574439562000823
104 0.48513005999065084
105 0.526205316470864
106 0.4700695468163065
107 0.36179459071819664
108 0.3709165078022786
109 0.41309191860558236
110 0.4887098003360725
111 0.4807211549942026
112 0.4151689270552545
113 0.4593380353124001
114 0.414211731594386
115 0.5240975524639431
116 0.47636319197052784
117 0.4031154571115431
118 0.4271609248131229
119 0.4763996645827773
120 0.44296256093518027
121 0.5323405904672354
122 0.5816174596030729
123 0.5167758008547223
124 0.5033828973641508
125 0.5562553531047412
126 0.5704214684454589
127 0.4308092237036073
128 0.402671598579092
129 0.4186584556053293
130 0.48563420174278127
131 0.511576542652746
132 0.554231226769464
133 0.5106098345367102
134 0.5169034069011147
135 0.5385398343147644
136 0.544501343703203
137 0.47384777212200324
138 0.4322487398222533
139 0.41459034199383116
140 0.4637559301214269
141 0.558235506168678
142 0.4623856807188925
143 0.431444408695023
144 0.4806492903750299
145 0.5756829370103116
146 0.5881256671423661
147 0.6513930356639079
148 0.6275672239250321
149 0.5020638106546842
150 0.5208757685368159
151 0.47766138752166587
152 0.44300496001490713
153 0.4695256546703144
154 0.4137864178176355
155 0.47874550719778675
156 0.474945122463543
157 0.45468197416482203
158 0.5395563194819711
159 0.525431508212135
160 0.4622096015995594
161 0.5611435616771956
162 0.5207836172400834
163 0.4961648747444746
164 0.4140221049276863
165 0.47510163718336
166 0.5789325373806092
167 0.547507781707016
168 0.5716191319951884
169 0.4432375775250266
170 0.41425920625750645
171 0.41550475049764246
172 0.4929974348692278
173 0.533757849021779
174 0.4629792319870611
175 0.4679023431812738
176 0.44601002545440965
177 0.5332637713729544
178 0.5648031576855596
179 0.5169648506285582
180 0.48269592723386817
181 0.6075845958536024
182 0.5924862794245912
183 0.5773251088607109
184 0.5643194822805457
185 0.38553485598587744
186 0.380622320717119
187 0.41768008547352087
188 0.4380586339565343
189 0.5754495224046277
190 0.5199936918206376
191 0.5586730509842648
192 0.6395081977029321
193 0.6062745931131521
194 0.4553775033427668
195 0.4834574651533291
196 0.3844759909574405
197 0.46715647411088523
198 0.4933335594387433
199 0.4564485961752508
200 0.3869835991685469
201 0.36062458141976317
202 0.4209381714126101
203 0.40642418320177515
204 0.3963826633564774
205 0.5226599739804041
206 0.5287980296710573
207 0.4637736648980691
208 0.5213634785815335
209 0.5222259025466591
210 0.5192166877065885
211 0.4880943703804891
212 0.3987781519880183
213 0.36878394868084785
214 0.3914649109269153
215 0.4233634691901176
216 0.3937547416275303
217 0.5201897114544317
218 0.5009777827704964
219 0.5452403857803183
220 0.5258130647821032
221 0.45329912389825555
222 0.535278562751379
223 0.5137516472485253
224 0.4915119678215385
225 0.5960196369621011
226 0.43956882091396887
227 0.46890004266945384
228 0.5866743565124019
229 0.5926910334944654
230 0.5318057802581607
231 0.40716019638769796
232 0.3884192657340744
233 0.42995231727785643
234 0.4370840194691543
235 0.46745681244011406
236 0.41334043539578247
237 0.4052702754995379
238 0.4423221876127035
239 0.48388405777862487
240 0.5410038766265554
241 0.5447857808700071
242 0.5867411510433677
243 0.5839820393551749
244 0.5172708745906374
245 0.48920137574665484
246 0.5015422436633549
247 0.4834616769482808
248 0.49147274507909033
249 0.422515539043167
250 0.5598001241952683
251 0.5096606005557356
252 0.5594731384804503
253 0.5887595674275932
254 0.5498344831649691
255 0.4666889828937547
256 0.46061394139858924
257 0.4180394702474016
258 0.5461124005760425
259 0.5766276917797153
260 0.5818462581005183
261 0.5026544078827091
262 0.39972347209387865
263 0.4320613907914444
264 0.5339252876142888
265 0.409822914782722
266 0.40089311584415777
267 0.3992605138789574
268 0.4977246886502158
269 0.5357400290195647
270 0.5809869225010595
271 0.502435917287685
272 0.4442969717223277
273 0.4940607662935852
274 0.4841724437034881
275 0.4935061571746215
276 0.49128668882849524
277 0.5430740560763911
278 0.5522762389386524
279 0.48878201561776596
280 0.46495167418656946
281 0.43181522254765453
282 0.4350211789236961
283 0.4203780053901716
284 0.46671379306676763
285 0.4939411373736851
286 0.522349070342647
287 0.5159590900757101
288 0.520365404635921
289 0.4584409044265277
290 0.4394925210247413
291 0.5435426380089624
292 0.4569361559342341
293 0.40088349773140275
294 0.35887670059983
295 0.46459018555595233
296 0.46438607608458027
297 0.4765913106123005
298 0.5039067853891874
299 0.5104999351843829
300 0.47570547732696894

