0 0.1588241847850625
1 0.16846202580267738
2 0.1351305838257392
3 0.11574346916011768
4 0.10368609994891101
5 0.09277260468314624
6 0.0941121976827742
7 0.11987639885583763
8 0.11278908770869651
9 0.11699338581894655
10 0.14494982816360039
11 0.12694131941294184
12 0.16695378369008512
13 0.16183056066817572
14 0.17724119231117857
15 0.1425795320336784
16 0.1904857963072713
17 0.206174423465091
18 0.17211488226156169
19 0.17783031517973683
20 0.14497383365512784
21 0.1695519123640476
22 0.08320672195014388
23 0.13292593035380817
24 0.11730645796081085
25 0.13439434192633284
26 0.13665228245136432
27 0.10375066450412089
28 0.1551478131990821
29 0.1590661966578412
30 0.18501155183587228
31 0.18908051226174039
32 0.16587743414330536
33 0.1273311600368447
34 0.06732148330483376
35 0.07659571907444832
36 0.08396531936897977
37 0.11736088114501424
38 0.09996570052068425
39 0.16650439429448932
40 0.16579303958226882
41 0.1323489323541422
42 0.2015357940014381
43 0.1938299710632673
44 0.21430270867312315
45 0.20345973216032903
46 0.11118989698654551
47 0.1595269823146508
48 0.1418403722201768
49 0.16510332807696093
50 0.18060262679068131
51 0.2463543692206108
52 0.23885607940726264
53 0.24005278477719397
54 0.19566489404110726
55 0.23040835421742684
56 0.2211872031114273
57 0.19540515152733162
58 0.229597234916204
59 0.24891387682863964
60 0.15240169441713058
61 0.1055022148002597
62 0.14870988410865488
63 0.10551112539863798
64 0.10426626480671194
65 0.2667785524361451
66 0.16486840435467282
67 0.09971028923274602
68 0.1782674163377976
69 0.15804750414655722
70 0.19711863287754036
71 0.18343257933296034
72 0.183871308846503
73 0.19814492809973774
74 0.1998580576425409
75 0.21476147200522672
76 0.20868272586122255
77 0.2653435895223558
78 0.2915826966246971
79 0.292050727400394
80 0.23957515975926813
81 0.1316577341744159
82 0.13452696325118435
83 0.20349486636434486
84 0.16885600813001775
85 0.16315484614007647
86 0.09892809876083945
87 0.1010537123896555
88 0.1451452633408021
89 0.2313920581705248
90 0.27986238451074097
91 0.33461502503256774
92 0.18633738744369305
93 0.10261943791088175
94 0.11362179234466929
95 0.1937592352172784
96 0.20862470864230698
97 0.078943824209968
98 0.12637855703347273
99 0.1629106735887487
100 0.12199898001914466
101 0.09217080140071542
102 0.2131334459062561
103 0.20329469772997824
104 0.27794794984099835
105 0.22698734350839653
106 0.2153939675961401
107 0.13589082614615466
108 0.1485061575679807
109 0.18673273719774358
110 0.1384452772432888
111 0.13177240857899325
112 0.1346270902971932
113 0.1596697903076996
114 0.1450328613360732
115 0.15255945535197296
116 0.1268856579228985
117 0.17749451885935147
118 0.12782238495208087
119 0.17452050834127403
120 0.177064416075347
121 0.2168949199477977
122 0.312461101103667
123 0.27293818543765147
124 0.24681529421261256
125 0.26492337217700396
126 0.2577073198291292
127 0.17982888969951322
128 0.16154495574050207
129 0.08882642004914068
130 0.1754071751668776
131 0.14247112522494979
132 0.1778513417127187
133 0.25672773490016454
134 0.25565070047215305
135 0.18728619749230307
136 0.2558044685365647
137 0.23147066717816234
138 0.22580590125164396
139 0.23570805183509838
140 0.2319371047280904
141 0.29561752751216475
142 0.15235863149542903
143 0.13466356314194664
144 0.13009965112285443
145 0.16921285783016238
146 0.17493974530536036
147 0.24526413887795712
148 0.25418825123952027
149 0.15379365614012414
150 0.16194469403213815
151 0.15760886019550902
152 0.15981936136073888
153 0.13883345284616544
154 0.18974685742083225
155 0.21850635219597284
156 0.28534432395297576
157 0.2744668806363601
158 0.30006427846382416
159 0.3034716161943021
160 0.3105938849430717
161 0.256311333874537
162 0.24003217275813885
163 0.16409791293255724
164 0.188126693091557
165 0.20354329250850522
166 0.31539034865479065
167 0.27349255100177156
168 0.25719428709321795
169 0.24117917912732412
170 0.23876699347849734
171 0.24727855102108473
172 0.22570265247549068
173 0.21490404918961872
174 0.17880297045996366
175 0.22057321064610189
176 0.2202841241503853
177 0.24152464564554227
178 0.215757427066469
179 0.14100570823384698
180 0.17242521195507576
181 0.2853363882863735
182 0.2037179455572379
183 0.16840615863065783
184 0.10528609728485117
185 0.15733884268736653
186 0.15380086511881932
187 0.16398880905390553
188 0.16178718221972174
189 0.19812297878972918
190 0.2325804216811403
191 0.28978949195181186
192 0.3143394485772323
193 0.2416476375631933
194 0.21684743309189836
195 0.27374918215239774
196 0.2504795281972832
197 0.2826466689385036
198 0.27175800246975995
199 0.24549562367957165
200 0.22876071223006664
201 0.22933567866221916
202 0.17212518213134168
203 0.2368747029618818
204 0.21206018029700563
205 0.21031012302175692
206 0.18254392915224332
207 0.1853661571305634
208 0.27278547525838304
209 0.252045329478375
210 0.25954220750885393
211 0.2374497678538257
212 0.18616844121605922
213 0.18977737042556644
214 0.21131953233171435
215 0.14168167707417473
216 0.16472612126552233
217 0.26544172378377623
218 0.17333793759487795
219 0.1528418920711453
220 0.17269392971181827
221 0.21376586027047306
222 0.1752417281869648
223 0.20319961113507237
224 0.17200379522681883
225 0.19662770077433023
226 0.18720335807436655
227 0.22697769253203243
228 0.2197518908855923
229 0.16241079278807485
230 0.07260244593204508
231 0.11227303783318784
232 0.19546768357215089
233 0.16558210253015906
234 0.2348692722162981
235 0.24365673847290498
236 0.24331556574502428
237 0.20535732668479514
238 0.26421983224065004
239 0.2885283873296411
240 0.27009721711080975
241 0.27131165884485053
242 0.30554153346762253
243 0.31747167018071587
244 0.2708827662360017
245 0.25984211868472384
246 0.3002807903905228
247 0.28530861066500646
248 0.22540712229361848
249 0.2626173029391792
250 0.21895182361341795
251 0.18653994353604866
252 0.19086276286820353
253 0.18851081001532596
254 0.23574674112951755
255 0.18424878081545443
256 0.10602748035998384
257 0.22862444313939373
258 0.2851108081921996
259 0.309644236414301
260 0.32872257481414296
261 0.294777520436161
262 0.24324125446595274
263 0.305976244745408
264 0.28261681662704413
265 0.22109523447208299
266 0.2462299858946045
267 0.24180661711312817
268 0.3072827840128553
269 0.3020285604299263
270 0.29172975789618294
271 0.26268482896197465
272 0.2512557147036404
273 0.18268452261863438
274 0.19776918006695002
275 0.23664617033805863
276 0.205821571757595
277 0.273638161078573
278 0.32786398174082365
279 0.24862535793770463
280 0.22322030633457285
281 0.24814888413933436
282 0.25981744321859235
283 0.21768644260432451
284 0.1770818396268273
285 0.20701504186731406
286 0.230077218248743
287 0.2776036016902311
288 0.24001374518793345
289 0.18837078270245314
290 0.14979354123779928
291 0.10774987721521105
292 0.12990576506553417
293 0.16410859766153377
294 0.18483552591838023
295 0.1592359334139642
296 0.23035155170864385
297 0.2374248210977429
298 0.22024811254035143
299 0.1790450474799788
300 0.10770145258779702
3
7384738

884
