3.4641016151377544 0.48453432826340687
53.46410161513776 0.512292334511721
103.46410161513775 0.5076299608903965
153.46410161513776 0.5207289164173485
203.46410161513776 0.5156166393273229
253.46410161513776 0.5212513544881444
303.46410161513774 0.5236112890192133
353.46410161513774 0.5184086422833151
403.46410161513774 0.5412940682386822
453.46410161513774 0.5426864782607368
503.46410161513774 0.5373885032423832
553.4641016151378 0.531749467245609
603.4641016151378 0.5508152644666617
653.4641016151378 0.5442363790356539
703.4641016151378 0.5437815872755211
753.4641016151378 0.5578303726179922
803.4641016151378 0.5506408369448809
853.4641016151378 0.5518376438695571
903.4641016151378 0.552159419950274
953.4641016151378 0.5694756336948108
1003.4641016151378 0.5619653775494914
1053.4641016151377 0.5624081193211374
1103.4641016151377 0.5609754611720578
1153.4641016151377 0.57759629291174
1203.4641016151377 0.5795353422477603
1253.4641016151377 0.5897554914218762
1303.4641016151377 0.5911735005144587
1353.4641016151377 0.5837454845001526
1403.4641016151377 0.5950055804164691
1453.4641016151377 0.5961079765731592
1503.4641016151377 0.5916528587488256
1553.4641016151377 0.605543169653258
1603.4641016151377 0.603428119035507
1653.4641016151377 0.6074050803776365
1703.4641016151377 0.6194445448609287
1753.4641016151377 0.6194847328865665
1803.4641016151377 0.607807469318846
1853.4641016151377 0.6154000939327633
1903.4641016151377 0.6330413611700906
1953.4641016151377 0.6449089515466255
2003.4641016151377 0.6385567328657048
2053.4641016151377 0.6411319449392209
2103.4641016151377 0.6361253323265399
2153.4641016151377 0.6779537970477955
2203.4641016151377 0.6791469373310148
2253.4641016151377 0.6478797904343476
2303.4641016151377 0.6715922927227667
2353.4641016151377 0.652289011370099
2403.4641016151377 0.664619771458672
2453.4641016151377 0.6972733513186354
2503.4641016151377 0.6701171447620047
2553.4641016151377 0.6760413681541391
2603.4641016151377 0.676939747111304
2653.4641016151377 0.6708650645737172
2703.4641016151377 0.6834529689590281
2753.4641016151377 0.6945232553627264
2803.4641016151377 0.6831142794013839
2853.4641016151377 0.6955902940582026
2903.4641016151377 0.7017709912532976
2953.4641016151377 0.6944110027784615
3003.4641016151377 0.6810867081578366
3053.4641016151377 0.6926344344798563
3103.4641016151377 0.7009817076654098
3153.4641016151377 0.7029460077625652
3203.4641016151377 0.7074229063711154
3253.4641016151377 0.7093185231643175
3303.4641016151377 0.7005892468935323
3353.4641016151377 0.7068122890817399
3403.4641016151377 0.7015479680993467
3453.4641016151377 0.710677794012825
3503.4641016151377 0.7075683547614704
3553.4641016151377 0.7010851988426442
3603.4641016151377 0.6984418169536729
3653.4641016151377 0.7115741896235968
3703.4641016151377 0.7039746234754076
3753.4641016151377 0.7132134280709812
3803.4641016151377 0.706680185539815
3853.4641016151377 0.7112374190184445
3903.4641016151377 0.7215628398627854
3953.4641016151377 0.7212127064168594
4003.4641016151377 0.7296320143593603
4053.4641016151377 0.7125924020176896
4103.464101615138 0.7241085989558993
4153.464101615138 0.725106030344891
4203.464101615138 0.7162565466913543
4253.464101615138 0.7124107903541899
4303.464101615138 0.7224876761186912
4353.464101615138 0.7208059408706997
4403.464101615138 0.730743570508132
4453.464101615138 0.7229462979851213
4503.464101615138 0.733960308587051
4553.464101615138 0.7358911673876707
4603.464101615138 0.7236865684763888
4653.464101615138 0.7290301583118777
4703.464101615138 0.7378931713429635
4753.464101615138 0.7452815870561476
4803.464101615138 0.7322556660456695
4853.464101615138 0.7270789429585732
4903.464101615138 0.7430080130067336
4953.464101615138 0.7347350351083056
